0	0
1	0
2	0
3	0
4	0
5	0
6	0
7	0
8	0
9	0
10	0
11	0
12	0
13	0
14	0
15	0
16	0
17	0
18	0
19	0
20	0
21	0
22	0
23	0
24	0
25	0
26	0
27	0
28	0
29	0
30	0
31	0
32	0
33	0
34	0
35	0
36	0
37	0
38	0
39	0
40	0
41	0
42	0
43	0
44	0
45	0
46	0
47	0
48	0
49	0
50	0
51	0
52	0
53	0
54	0
55	0
56	0
57	0
58	0
59	0
60	0
61	0
62	0
63	0
64	0
65	0
66	0
67	0
68	0
69	0
70	0
71	0
72	0
73	0
74	0
75	0
76	0
77	0
78	0
79	0
80	0
81	0
82	0
83	0
84	0
85	0
86	0
87	0
88	0
89	0
90	0
91	0
92	0
93	0
94	0
95	0
96	0
97	0
98	0
99	11
100	31
101	1010
102	1094
103	1121
104	1190
105	1201
106	1220
107	1300
108	1317
109	1325
110	1396
111	1443
112	1513
113	1486
114	1623
115	1571
116	1782
117	1720
118	1775
119	1709
120	1988
121	2058
122	2245
123	2292
124	2408
125	2731
126	2815
127	3270
128	3557
129	3621
130	4106
131	3957
132	4386
133	4735
134	5103
135	4875
136	5399
137	5311
138	5230
139	5209
140	5268
141	5582
142	5393
143	5445
144	5401
145	5284
146	5284
147	5141
148	5238
149	5315
150	5281
151	5118
152	5002
153	4834
154	5293
155	4535
156	4177
157	3980
158	4075
159	3932
160	3871
161	3876
162	3820
163	3764
164	3974
165	3510
166	3340
167	3364
168	3346
169	3295
170	3467
171	3471
172	3509
173	3510
174	3564
175	3653
176	3659
177	3713
178	3673
179	3893
180	3915
181	4016
182	4211
183	4206
184	4614
185	4642
186	4599
187	4734
188	5043
189	5169
190	5339
191	5315
192	5517
193	5886
194	6155
195	6126
196	6387
197	6671
198	6732
199	7129
200	7094
201	7327
202	7496
203	7911
204	8329
205	8822
206	10461
207	12783
208	12133
209	17314
210	18272
211	16456
212	15193
213	17715
214	18099
215	12498
216	11690
217	12047
218	12398
219	12661
220	13105
221	13382
222	13499
223	13752
224	14291
225	14481
226	15151
227	15694
228	16016
229	16619
230	17037
231	16876
232	16967
233	17867
234	18131
235	18408
236	19414
237	19496
238	20032
239	21184
240	21941
241	22669
242	23397
243	24776
244	25761
245	26743
246	28900
247	30783
248	32624
249	34320
250	37760
251	40644
252	45159
253	50544
254	57236
255	66055
256	77319
257	94051
258	115723
259	144917
260	183409
261	234931
262	304931
263	396084
264	512993
265	660251
266	844740
267	1073914
268	1353209
269	1686521
270	2081225
271	2535375
272	3062367
273	3657636
274	4323219
275	5058814
276	5861602
277	6742009
278	7695962
279	8701756
280	9785992
281	10901093
282	12074073
283	13232385
284	14451044
285	15617585
286	16807408
287	17920557
288	19043872
289	20071721
290	21062126
291	21939772
292	22701929
293	23418907
294	23948303
295	24362922
296	24742070
297	24935465
298	25067338
299	25106150
300	25142852
301	25026949
302	24831916
303	24521312
304	24116883
305	23672881
306	23186282
307	22549465
308	21929767
309	21275099
310	20501995
311	19739860
312	18944027
313	18053931
314	17192120
315	16244170
316	15321739
317	14353550
318	13409550
319	12462961
320	11546184
321	10626709
322	9753880
323	8870621
324	8047630
325	7241016
326	6481832
327	5756953
328	5065331
329	4433153
330	3850952
331	3318761
332	2835984
333	2401006
334	2016811
335	1673933
336	1379443
337	1125698
338	908774
339	727174
340	578657
341	454108
342	357955
343	278575
344	216620
345	168014
346	130562
347	101486
348	79487
349	63300
350	50876
351	41355
352	34750
353	29708
354	26154
355	23355
356	20782
357	19132
358	17696
359	17292
360	15945
361	15335
362	14719
363	14486
364	13939
365	13644
366	13191
367	12927
368	12636
369	12369
370	11995
371	11789
372	11359
373	11175
374	10861
375	10406
376	10335
377	10421
378	10200
379	9916
380	9620
381	9414
382	9094
383	8694
384	8896
385	8672
386	8296
387	8392
388	8359
389	8395
390	8710
391	9923
392	11029
393	14094
394	20273
395	13249
396	10019
397	3637
398	2198
399	1673
400	1614
401	1287
402	1169
403	960
404	870
405	467
406	566
407	396
408	394
409	287
410	280
411	290
412	335
413	352
414	433
415	443
416	477
417	466
418	502
419	470
420	481
421	437
422	476
423	488
424	509
425	481
426	510
427	422
428	473
429	454
430	455
431	413
432	464
433	465
434	441
435	439
436	459
437	437
438	413
439	428
440	431
441	448
442	415
443	409
444	381
445	376
446	399
447	387
448	349
449	398
450	394
451	384
452	351
453	378
454	378
455	381
456	343
457	320
458	322
459	345
460	339
461	360
462	330
463	315
464	315
465	328
466	311
467	297
468	286
469	308
470	295
471	305
472	233
473	281
474	262
475	264
476	264
477	245
478	242
479	241
480	236
481	236
482	219
483	229
484	232
485	237
486	239
487	233
488	223
489	219
490	258
491	199
492	216
493	282
494	243
495	244
496	234
497	235
498	199
499	249
500	206
501	210
502	221
503	187
504	207
505	211
506	163
507	175
508	158
509	171
510	163
511	159
512	174
513	178
514	139
515	158
516	162
517	179
518	196
519	204
520	206
521	183
522	193
523	196
524	160
525	160
526	155
527	125
528	137
529	119
530	109
531	124
532	113
533	117
534	115
535	112
536	102
537	103
538	99
539	83
540	104
541	94
542	97
543	117
544	98
545	114
546	119
547	92
548	123
549	113
550	105
551	137
552	106
553	87
554	126
555	114
556	115
557	97
558	121
559	111
560	125
561	117
562	121
563	150
564	113
565	118
566	138
567	145
568	152
569	146
570	139
571	131
572	135
573	129
574	155
575	143
576	164
577	176
578	147
579	170
580	191
581	164
582	174
583	194
584	203
585	196
586	192
587	220
588	210
589	231
590	230
591	205
592	234
593	288
594	266
595	297
596	297
597	345
598	351
599	364
600	373
601	371
602	436
603	445
604	449
605	512
606	534
607	533
608	625
609	603
610	689
611	744
612	773
613	839
614	845
615	849
616	914
617	986
618	1010
619	1069
620	1113
621	1120
622	1150
623	1244
624	1315
625	1363
626	1381
627	1403
628	1487
629	1505
630	1552
631	1509
632	1594
633	1628
634	1628
635	1620
636	1631
637	1674
638	1618
639	1639
640	1638
641	1580
642	1664
643	1707
644	1591
645	1569
646	1487
647	1481
648	1473
649	1433
650	1335
651	1213
652	1155
653	1070
654	1100
655	1047
656	975
657	844
658	793
659	815
660	701
661	603
662	553
663	530
664	455
665	439
666	356
667	316
668	307
669	288
670	210
671	208
672	185
673	170
674	157
675	119
676	133
677	104
678	94
679	88
680	87
681	87
682	83
683	80
684	70
685	66
686	64
687	65
688	65
689	61
690	71
691	68
692	65
693	77
694	62
695	59
696	57
697	70
698	74
699	59
700	70
701	80
702	68
703	49
704	65
705	61
706	55
707	57
708	61
709	75
710	59
711	70
712	40
713	59
714	61
715	61
716	57
717	71
718	53
719	55
720	61
721	67
722	50
723	50
724	52
725	57
726	69
727	68
728	72
729	69
730	64
731	49
732	90
733	107
734	116
735	122
736	123
737	106
738	124
739	103
740	103
741	102
742	107
743	126
744	136
745	146
746	188
747	229
748	243
749	233
750	240
751	309
752	331
753	364
754	377
755	418
756	424
757	458
758	448
759	450
760	413
761	442
762	418
763	412
764	457
765	420
766	396
767	368
768	334
769	422
770	361
771	366
772	335
773	324
774	302
775	341
776	343
777	310
778	310
779	321
780	277
781	283
782	336
783	370
784	317
785	324
786	374
787	376
788	442
789	475
790	447
791	434
792	509
793	518
794	475
795	501
796	473
797	492
798	444
799	468
800	425
801	441
802	442
803	405
804	442
805	404
806	368
807	383
808	337
809	332
810	331
811	333
812	346
813	292
814	314
815	259
816	261
817	245
818	255
819	226
820	207
821	261
822	234
823	266
824	216
825	212
826	200
827	191
828	130
829	179
830	157
831	152
832	165
833	135
834	148
835	130
836	121
837	116
838	90
839	104
840	104
841	94
842	81
843	76
844	84
845	72
846	79
847	74
848	82
849	88
850	83
851	98
852	89
853	101
854	85
855	97
856	81
857	92
858	93
859	97
860	98
861	100
862	81
863	83
864	98
865	153
866	85
867	107
868	102
869	89
870	90
871	92
872	100
873	116
874	59
875	83
876	79
877	76
878	61
879	76
880	76
881	73
882	59
883	55
884	64
885	53
886	54
887	47
888	50
889	51
890	51
891	48
892	48
893	56
894	50
895	46
896	45
897	46
898	51
899	72
900	53
901	76
902	52
903	51
904	63
905	54
906	69
907	67
908	64
909	55
910	54
911	54
912	77
913	68
914	68
915	84
916	71
917	93
918	80
919	68
920	83
921	69
922	80
923	66
924	82
925	70
926	70
927	71
928	69
929	60
930	60
931	59
932	52
933	36
934	31
935	48
936	45
937	35
938	52
939	38
940	41
941	50
942	50
943	46
944	60
945	78
946	64
947	68
948	112
949	121
950	122
951	135
952	195
953	211
954	225
955	267
956	328
957	352
958	413
959	454
960	501
961	598
962	656
963	686
964	735
965	824
966	866
967	967
968	1046
969	1134
970	1200
971	1250
972	1352
973	1355
974	1454
975	1516
976	1455
977	1576
978	1523
979	1544
980	1537
981	1429
982	1501
983	1445
984	1476
985	1395
986	1395
987	1250
988	1287
989	1233
990	1228
991	1131
992	1074
993	1040
994	1075
995	906
996	944
997	867
998	845
999	1697482
