0	0
1	0
2	0
3	0
4	0
5	0
6	0
7	0
8	0
9	0
10	0
11	0
12	0
13	0
14	0
15	0
16	0
17	0
18	0
19	0
20	0
21	0
22	0
23	0
24	0
25	0
26	0
27	0
28	0
29	0
30	0
31	0
32	0
33	0
34	0
35	0
36	0
37	0
38	0
39	0
40	0
41	0
42	0
43	0
44	0
45	0
46	0
47	0
48	0
49	0
50	0
51	0
52	0
53	0
54	0
55	0
56	0
57	0
58	0
59	0
60	0
61	0
62	0
63	0
64	0
65	0
66	0
67	0
68	0
69	0
70	0
71	0
72	0
73	0
74	0
75	0
76	0
77	0
78	0
79	0
80	0
81	0
82	0
83	0
84	0
85	0
86	0
87	0
88	0
89	0
90	0
91	0
92	0
93	0
94	0
95	0
96	0
97	3
98	7
99	16
100	28
101	2359
102	2409
103	2509
104	2494
105	2494
106	2458
107	2611
108	2640
109	2565
110	2568
111	2580
112	2512
113	2632
114	2558
115	2671
116	2666
117	2736
118	2717
119	2715
120	2745
121	2837
122	2919
123	3046
124	3021
125	3436
126	3520
127	3789
128	3863
129	4088
130	4456
131	4275
132	4494
133	4604
134	5025
135	5398
136	6068
137	6235
138	6552
139	6852
140	6655
141	6922
142	6729
143	7021
144	6864
145	6781
146	6966
147	6939
148	7216
149	7285
150	7350
151	7665
152	7590
153	8160
154	8323
155	8365
156	7790
157	7895
158	7956
159	7725
160	7763
161	7796
162	7983
163	8303
164	8224
165	8041
166	7973
167	8032
168	8157
169	8598
170	8996
171	8920
172	8800
173	9044
174	8776
175	8681
176	8748
177	8642
178	9105
179	8916
180	9255
181	9122
182	9202
183	9734
184	9910
185	9923
186	10426
187	10393
188	10420
189	10426
190	10604
191	10164
192	10446
193	10684
194	10562
195	10556
196	11035
197	10907
198	11163
199	11188
200	11501
201	11286
202	11492
203	11662
204	12142
205	12440
206	13608
207	15767
208	14604
209	20245
210	21022
211	19186
212	17989
213	20985
214	21128
215	14987
216	13882
217	13944
218	13972
219	14088
220	14160
221	14110
222	14174
223	14591
224	14374
225	14893
226	14896
227	15359
228	15501
229	15613
230	15975
231	15954
232	16523
233	16666
234	17281
235	17859
236	18455
237	18553
238	19319
239	19649
240	20370
241	20743
242	21462
243	21923
244	22315
245	23279
246	23642
247	24541
248	25432
249	25936
250	27396
251	28207
252	28517
253	29874
254	30965
255	31950
256	33150
257	34895
258	37789
259	39707
260	41844
261	45912
262	50019
263	55112
264	61638
265	69829
266	79301
267	90855
268	105470
269	123184
270	142920
271	166663
272	193566
273	225351
274	260277
275	299097
276	341037
277	388844
278	441796
279	498711
280	560225
281	627095
282	700167
283	776467
284	861317
285	951467
286	1045506
287	1147536
288	1259137
289	1382969
290	1508780
291	1649090
292	1810603
293	1974267
294	2159933
295	2363255
296	2588839
297	2838069
298	3119584
299	3428981
300	3777753
301	4161512
302	4575454
303	5036512
304	5523086
305	6035970
306	6574260
307	7133604
308	7683844
309	8242564
310	8801969
311	9335955
312	9838967
313	10311197
314	10741832
315	11118368
316	11440966
317	11719553
318	11973846
319	12171156
320	12335266
321	12469871
322	12596477
323	12704306
324	12768722
325	12814197
326	12830999
327	12868444
328	12886045
329	12876289
330	12871034
331	12873251
332	12877373
333	12902309
334	12894260
335	12884636
336	12859624
337	12845566
338	12809334
339	12813868
340	12801231
341	12768080
342	12749228
343	12720961
344	12687958
345	12654774
346	12570563
347	12484716
348	12414529
349	12338377
350	12261104
351	12187049
352	12109902
353	11977858
354	11883676
355	11793329
356	11685124
357	11579094
358	11432969
359	11293447
360	11173111
361	11043611
362	10925839
363	10772679
364	10630518
365	10500945
366	10366400
367	10198495
368	10015160
369	9856212
370	9687378
371	9501807
372	9296487
373	9112646
374	8924300
375	8706444
376	8475738
377	8256842
378	8017286
379	7743473
380	7478175
381	7207726
382	6905208
383	6606877
384	6301975
385	5975246
386	5647508
387	5316317
388	4959410
389	4608961
390	4260899
391	3900308
392	3549025
393	3215266
394	2883768
395	2569548
396	2263837
397	1980166
398	1715675
399	1474452
400	1253423
401	1060442
402	888767
403	741051
404	612939
405	502896
406	411700
407	333774
408	271048
409	217943
410	175813
411	141046
412	113611
413	91348
414	73258
415	59416
416	48525
417	39630
418	33233
419	28196
420	23988
421	21003
422	18759
423	16795
424	15308
425	14500
426	13119
427	12583
428	12025
429	11462
430	11061
431	10635
432	10198
433	10126
434	9764
435	9783
436	9600
437	9207
438	8895
439	8530
440	8521
441	8200
442	8098
443	7806
444	7734
445	7558
446	7613
447	7442
448	7463
449	7308
450	7412
451	7578
452	7338
453	6982
454	7011
455	6935
456	7229
457	7093
458	7000
459	7015
460	7202
461	7502
462	7343
463	7941
464	8356
465	8760
466	9194
467	9070
468	10161
469	12207
470	16583
471	21208
472	23543
473	19668
474	8106
475	2474
476	1555
477	1508
478	1366
479	1356
480	1343
481	1358
482	1334
483	1314
484	1343
485	1269
486	1294
487	1180
488	1226
489	1223
490	1264
491	1206
492	1209
493	1148
494	1259
495	1190
496	1098
497	1129
498	1078
499	1099
500	1116
501	1082
502	1044
503	999
504	963
505	1027
506	1056
507	1038
508	1023
509	1004
510	994
511	973
512	915
513	954
514	908
515	901
516	904
517	896
518	845
519	840
520	852
521	781
522	744
523	732
524	786
525	755
526	676
527	599
528	563
529	458
530	352
531	283
532	306
533	279
534	273
535	279
536	259
537	249
538	277
539	276
540	273
541	250
542	284
543	271
544	256
545	249
546	258
547	268
548	263
549	246
550	263
551	271
552	264
553	241
554	227
555	207
556	201
557	194
558	209
559	192
560	204
561	197
562	183
563	181
564	176
565	181
566	189
567	153
568	164
569	188
570	156
571	140
572	137
573	164
574	135
575	164
576	151
577	161
578	144
579	165
580	133
581	177
582	152
583	158
584	158
585	134
586	146
587	134
588	153
589	152
590	173
591	170
592	183
593	159
594	169
595	152
596	150
597	158
598	168
599	168
600	168
601	174
602	167
603	193
604	171
605	193
606	201
607	180
608	215
609	195
610	190
611	206
612	197
613	218
614	225
615	251
616	264
617	289
618	304
619	306
620	302
621	334
622	319
623	336
624	354
625	351
626	358
627	386
628	427
629	425
630	446
631	479
632	524
633	551
634	575
635	552
636	549
637	635
638	678
639	668
640	682
641	724
642	779
643	800
644	852
645	862
646	945
647	953
648	960
649	978
650	1111
651	1105
652	1041
653	1119
654	1212
655	1149
656	1169
657	1155
658	1185
659	1173
660	1186
661	1116
662	1176
663	1215
664	1174
665	1185
666	1187
667	1148
668	1157
669	1092
670	1128
671	1136
672	1055
673	1096
674	1062
675	1153
676	1091
677	1090
678	1097
679	1119
680	1099
681	1132
682	1081
683	1183
684	1167
685	1119
686	1256
687	1139
688	1206
689	1163
690	1156
691	1055
692	1101
693	1052
694	1064
695	1006
696	1014
697	903
698	931
699	952
700	981
701	934
702	914
703	949
704	885
705	893
706	783
707	751
708	821
709	703
710	711
711	792
712	617
713	654
714	623
715	581
716	634
717	597
718	581
719	528
720	490
721	459
722	486
723	462
724	470
725	404
726	438
727	397
728	382
729	338
730	305
731	299
732	251
733	280
734	242
735	229
736	169
737	196
738	210
739	176
740	152
741	135
742	115
743	104
744	110
745	105
746	97
747	98
748	106
749	111
750	97
751	104
752	104
753	123
754	123
755	121
756	114
757	133
758	116
759	123
760	102
761	99
762	130
763	135
764	125
765	140
766	164
767	151
768	143
769	155
770	153
771	175
772	189
773	177
774	194
775	215
776	200
777	184
778	245
779	228
780	237
781	254
782	270
783	314
784	301
785	328
786	367
787	457
788	466
789	480
790	474
791	491
792	555
793	598
794	663
795	651
796	660
797	577
798	636
799	641
800	631
801	594
802	619
803	615
804	625
805	644
806	672
807	648
808	619
809	576
810	535
811	463
812	509
813	457
814	477
815	435
816	456
817	450
818	429
819	409
820	410
821	425
822	404
823	463
824	435
825	436
826	469
827	514
828	506
829	477
830	511
831	536
832	466
833	479
834	534
835	493
836	491
837	440
838	430
839	400
840	370
841	380
842	334
843	319
844	316
845	285
846	288
847	271
848	250
849	247
850	228
851	204
852	203
853	174
854	183
855	184
856	190
857	177
858	196
859	208
860	207
861	185
862	174
863	191
864	188
865	212
866	148
867	191
868	195
869	154
870	178
871	215
872	212
873	183
874	228
875	230
876	269
877	175
878	203
879	198
880	184
881	199
882	163
883	178
884	163
885	141
886	142
887	138
888	147
889	161
890	166
891	155
892	174
893	182
894	184
895	165
896	167
897	152
898	147
899	151
900	149
901	133
902	139
903	141
904	107
905	119
906	114
907	105
908	87
909	118
910	82
911	101
912	81
913	99
914	104
915	79
916	84
917	75
918	91
919	92
920	81
921	83
922	75
923	59
924	75
925	78
926	69
927	73
928	61
929	57
930	74
931	69
932	49
933	62
934	44
935	63
936	60
937	58
938	60
939	49
940	71
941	59
942	59
943	55
944	52
945	50
946	58
947	86
948	74
949	68
950	68
951	49
952	65
953	69
954	51
955	42
956	66
957	61
958	72
959	104
960	81
961	70
962	78
963	94
964	109
965	125
966	114
967	114
968	128
969	126
970	118
971	119
972	113
973	108
974	132
975	128
976	138
977	138
978	135
979	144
980	98
981	138
982	132
983	137
984	128
985	146
986	161
987	187
988	161
989	146
990	174
991	178
992	193
993	184
994	179
995	225
996	196
997	209
998	198
999	2491952
