0	0
1	0
2	0
3	0
4	0
5	0
6	0
7	0
8	0
9	0
10	0
11	0
12	0
13	0
14	0
15	0
16	0
17	0
18	0
19	0
20	0
21	0
22	0
23	0
24	0
25	0
26	0
27	0
28	0
29	0
30	0
31	0
32	0
33	0
34	0
35	0
36	0
37	0
38	0
39	0
40	0
41	0
42	0
43	0
44	0
45	0
46	0
47	0
48	0
49	0
50	0
51	0
52	0
53	0
54	0
55	0
56	0
57	0
58	0
59	0
60	0
61	0
62	0
63	0
64	0
65	0
66	0
67	0
68	0
69	0
70	0
71	0
72	0
73	0
74	0
75	0
76	0
77	0
78	0
79	0
80	0
81	0
82	0
83	0
84	0
85	0
86	0
87	0
88	0
89	0
90	0
91	0
92	0
93	0
94	0
95	0
96	0
97	1
98	6
99	2
100	14
101	1806
102	1826
103	1768
104	1655
105	1668
106	1713
107	1659
108	1632
109	1532
110	1534
111	1462
112	1422
113	1439
114	1486
115	1340
116	1473
117	1409
118	1472
119	1394
120	1558
121	1441
122	1625
123	1602
124	1777
125	2372
126	2339
127	2419
128	2439
129	2523
130	3130
131	2997
132	2848
133	2830
134	3525
135	2972
136	3121
137	3070
138	3167
139	3231
140	3241
141	3361
142	3082
143	3223
144	3430
145	3599
146	4070
147	4303
148	4798
149	5293
150	5458
151	6261
152	5903
153	6456
154	7402
155	9834
156	6755
157	6623
158	7169
159	7248
160	6756
161	6629
162	7202
163	7269
164	7892
165	7892
166	7208
167	7526
168	8380
169	8124
170	10926
171	8741
172	8442
173	8316
174	8340
175	8211
176	8368
177	8319
178	8838
179	8724
180	9694
181	9007
182	9534
183	9764
184	10596
185	10783
186	11242
187	13581
188	12789
189	11312
190	11021
191	10351
192	11244
193	11020
194	10891
195	11225
196	12746
197	11713
198	11367
199	11526
200	11819
201	11645
202	12111
203	11904
204	12402
205	12519
206	14891
207	16545
208	13873
209	17857
210	18750
211	16967
212	17094
213	18919
214	18016
215	14134
216	14429
217	14137
218	14105
219	14628
220	14706
221	14996
222	15485
223	15300
224	15574
225	16479
226	15999
227	16746
228	16002
229	16186
230	16324
231	15854
232	15970
233	15764
234	16271
235	16314
236	16273
237	16492
238	16424
239	16571
240	17289
241	17081
242	16921
243	17209
244	17792
245	18035
246	17836
247	17798
248	18083
249	18326
250	19169
251	19081
252	19509
253	19693
254	20434
255	20827
256	21189
257	21256
258	21978
259	22919
260	23331
261	24054
262	24301
263	25043
264	26089
265	27066
266	27678
267	28160
268	28982
269	29858
270	31330
271	31944
272	32612
273	33609
274	34926
275	36000
276	37616
277	38775
278	40251
279	42683
280	44766
281	47022
282	48948
283	52861
284	56079
285	59781
286	63904
287	69049
288	74906
289	81414
290	89762
291	100242
292	110718
293	124611
294	143582
295	164533
296	190581
297	226150
298	271187
299	329279
300	401193
301	492514
302	608062
303	750383
304	921717
305	1129098
306	1371495
307	1649054
308	1965248
309	2310746
310	2695591
311	3099137
312	3519619
313	3952333
314	4391812
315	4816035
316	5225011
317	5639541
318	6014048
319	6383130
320	6741767
321	7057313
322	7365899
323	7672990
324	7966671
325	8245971
326	8489945
327	8746421
328	8989071
329	9225213
330	9454051
331	9685516
332	9909273
333	10122624
334	10334293
335	10554710
336	10796866
337	10952908
338	11129568
339	11289458
340	11502478
341	11604800
342	11697116
343	11771549
344	11859726
345	11978994
346	12086630
347	12135835
348	12199898
349	12262850
350	12305809
351	12339311
352	12372276
353	12391710
354	12412083
355	12416995
356	12423247
357	12413564
358	12439603
359	12463285
360	12438631
361	12410217
362	12371533
363	12350539
364	12311084
365	12290001
366	12188458
367	12131630
368	12069614
369	12020192
370	11962441
371	11898580
372	11823893
373	11700514
374	11616322
375	11540879
376	11444112
377	11347707
378	11243740
379	11106792
380	10975911
381	10855358
382	10730071
383	10609548
384	10466234
385	10314673
386	10172419
387	10012321
388	9868518
389	9675670
390	9505157
391	9325904
392	9156224
393	8970295
394	8775798
395	8588987
396	8396643
397	8178249
398	7962369
399	7740576
400	7517808
401	7267014
402	7020875
403	6781096
404	6511253
405	6232405
406	5961248
407	5679715
408	5375461
409	5080724
410	4782029
411	4459031
412	4157989
413	3857688
414	3555273
415	3261391
416	2985096
417	2716091
418	2458797
419	2223203
420	2001970
421	1804222
422	1626976
423	1465061
424	1325785
425	1198559
426	1088957
427	991742
428	904291
429	824788
430	753672
431	689454
432	632353
433	575579
434	525848
435	476948
436	432086
437	390511
438	352237
439	313919
440	279206
441	246817
442	217252
443	190379
444	166298
445	144366
446	125046
447	106903
448	91447
449	78220
450	66386
451	56509
452	48125
453	41107
454	35277
455	30051
456	26729
457	22648
458	19894
459	17767
460	15996
461	14747
462	13524
463	12515
464	11852
465	11305
466	10523
467	9948
468	9929
469	9436
470	9233
471	8783
472	8661
473	8912
474	8609
475	8653
476	8404
477	8464
478	8256
479	8476
480	8440
481	8433
482	8697
483	8693
484	8862
485	9008
486	9310
487	9089
488	9051
489	9381
490	10142
491	10158
492	9834
493	9789
494	11068
495	13499
496	17973
497	28274
498	29098
499	23299
500	6672
501	2519
502	1747
503	1707
504	1588
505	1521
506	1484
507	1469
508	1492
509	1423
510	1414
511	1343
512	1492
513	1321
514	1331
515	1348
516	1296
517	1294
518	1232
519	1201
520	1169
521	1183
522	1180
523	1131
524	1107
525	1085
526	1115
527	1076
528	1069
529	1102
530	1108
531	963
532	1006
533	1031
534	972
535	1027
536	912
537	999
538	897
539	967
540	913
541	949
542	934
543	898
544	929
545	898
546	930
547	940
548	916
549	873
550	849
551	828
552	775
553	805
554	786
555	717
556	745
557	796
558	700
559	703
560	739
561	584
562	557
563	395
564	300
565	272
566	252
567	290
568	274
569	279
570	257
571	264
572	275
573	235
574	245
575	246
576	217
577	239
578	262
579	208
580	238
581	215
582	210
583	217
584	228
585	206
586	220
587	205
588	199
589	197
590	179
591	198
592	193
593	205
594	199
595	203
596	184
597	178
598	195
599	179
600	207
601	185
602	217
603	174
604	184
605	174
606	220
607	183
608	190
609	171
610	180
611	165
612	188
613	167
614	164
615	182
616	196
617	178
618	177
619	181
620	193
621	183
622	228
623	212
624	237
625	255
626	256
627	216
628	242
629	291
630	274
631	385
632	431
633	337
634	338
635	521
636	454
637	631
638	390
639	404
640	412
641	465
642	477
643	515
644	549
645	628
646	962
647	977
648	691
649	770
650	822
651	1226
652	882
653	1811
654	914
655	970
656	909
657	1013
658	1014
659	1070
660	1128
661	1162
662	1265
663	1268
664	1317
665	1417
666	1295
667	1459
668	1507
669	1583
670	1447
671	1551
672	1640
673	1653
674	1918
675	2915
676	3808
677	1308
678	1452
679	1449
680	1536
681	1540
682	1399
683	1418
684	1373
685	1368
686	1434
687	1401
688	1473
689	1502
690	1560
691	1476
692	1502
693	1597
694	1391
695	1494
696	1388
697	1420
698	1480
699	1389
700	1432
701	1431
702	1362
703	1475
704	1458
705	1484
706	1354
707	1363
708	1344
709	1375
710	1372
711	1304
712	1246
713	1353
714	1401
715	1351
716	1251
717	1365
718	1257
719	1273
720	1279
721	1292
722	1348
723	1152
724	1137
725	1185
726	1192
727	1161
728	1137
729	1163
730	1163
731	1045
732	1083
733	1079
734	972
735	973
736	957
737	835
738	841
739	803
740	787
741	775
742	736
743	722
744	723
745	633
746	619
747	562
748	621
749	527
750	519
751	467
752	499
753	458
754	404
755	415
756	373
757	336
758	360
759	314
760	269
761	255
762	226
763	200
764	215
765	209
766	215
767	215
768	211
769	209
770	176
771	180
772	201
773	178
774	175
775	194
776	194
777	183
778	206
779	228
780	212
781	187
782	160
783	201
784	229
785	236
786	250
787	312
788	370
789	414
790	356
791	394
792	412
793	449
794	501
795	527
796	594
797	623
798	628
799	722
800	625
801	795
802	594
803	608
804	694
805	634
806	1110
807	760
808	723
809	1172
810	701
811	699
812	649
813	627
814	683
815	622
816	694
817	1198
818	964
819	662
820	682
821	1014
822	2000
823	799
824	790
825	787
826	896
827	1182
828	1063
829	955
830	1081
831	1468
832	3028
833	1078
834	947
835	985
836	894
837	910
838	872
839	791
840	936
841	1035
842	784
843	778
844	786
845	854
846	763
847	696
848	749
849	867
850	809
851	642
852	595
853	648
854	668
855	650
856	864
857	654
858	660
859	640
860	628
861	823
862	672
863	703
864	711
865	647
866	647
867	735
868	787
869	882
870	868
871	679
872	716
873	827
874	876
875	871
876	697
877	720
878	845
879	727
880	759
881	804
882	884
883	1097
884	787
885	699
886	766
887	737
888	961
889	647
890	650
891	643
892	675
893	692
894	647
895	648
896	571
897	602
898	616
899	599
900	566
901	578
902	578
903	615
904	543
905	534
906	520
907	559
908	535
909	828
910	509
911	536
912	473
913	485
914	564
915	423
916	364
917	401
918	362
919	501
920	408
921	356
922	305
923	301
924	248
925	259
926	240
927	233
928	220
929	251
930	268
931	217
932	214
933	171
934	172
935	184
936	169
937	187
938	157
939	147
940	135
941	144
942	131
943	100
944	113
945	86
946	79
947	151
948	108
949	115
950	135
951	123
952	88
953	126
954	78
955	84
956	98
957	89
958	102
959	126
960	116
961	93
962	116
963	101
964	145
965	129
966	120
967	121
968	124
969	134
970	129
971	136
972	158
973	126
974	128
975	128
976	147
977	129
978	122
979	124
980	146
981	171
982	188
983	230
984	221
985	284
986	334
987	447
988	481
989	567
990	636
991	746
992	875
993	935
994	1049
995	1190
996	1355
997	1517
998	1515
999	3394913
