0	0
1	0
2	0
3	0
4	0
5	0
6	0
7	0
8	0
9	0
10	0
11	0
12	0
13	0
14	0
15	0
16	0
17	0
18	0
19	0
20	0
21	0
22	0
23	0
24	0
25	0
26	0
27	0
28	0
29	0
30	0
31	0
32	0
33	0
34	0
35	0
36	0
37	0
38	0
39	0
40	0
41	0
42	0
43	0
44	0
45	0
46	0
47	0
48	0
49	0
50	0
51	0
52	0
53	0
54	0
55	0
56	0
57	0
58	0
59	0
60	0
61	0
62	0
63	0
64	0
65	0
66	0
67	0
68	0
69	0
70	0
71	0
72	0
73	0
74	0
75	0
76	0
77	0
78	0
79	0
80	0
81	0
82	0
83	0
84	0
85	0
86	0
87	0
88	0
89	0
90	0
91	0
92	0
93	0
94	0
95	0
96	0
97	0
98	5
99	13
100	77
101	2501
102	2549
103	2701
104	2721
105	2858
106	3033
107	2949
108	3168
109	3144
110	3147
111	3222
112	3204
113	3295
114	3368
115	3361
116	3387
117	3548
118	3499
119	3709
120	4425
121	4688
122	5012
123	5185
124	5384
125	5539
126	5709
127	6148
128	6315
129	6376
130	6545
131	6623
132	7171
133	7172
134	7277
135	7532
136	7768
137	7410
138	7847
139	7586
140	7588
141	8096
142	8353
143	8379
144	8269
145	8085
146	8464
147	8538
148	8586
149	8708
150	9082
151	8648
152	8630
153	8552
154	8739
155	8427
156	8504
157	8540
158	8782
159	9069
160	9084
161	9241
162	9836
163	9757
164	9681
165	9754
166	9714
167	10014
168	10288
169	10660
170	10758
171	10965
172	11112
173	11587
174	11656
175	12085
176	12549
177	12747
178	13045
179	13779
180	14113
181	14700
182	15013
183	15756
184	16647
185	16936
186	17449
187	18233
188	19076
189	19517
190	20107
191	20707
192	21825
193	22286
194	23941
195	24730
196	25365
197	26511
198	27201
199	28536
200	29806
201	30853
202	31840
203	33038
204	34104
205	35163
206	37758
207	40585
208	39978
209	46896
210	48151
211	47680
212	48261
213	51601
214	53333
215	49904
216	51258
217	53954
218	56788
219	58705
220	61106
221	63109
222	64962
223	68513
224	72409
225	76131
226	80435
227	86363
228	91184
229	98562
230	104662
231	111607
232	121431
233	134079
234	147210
235	165254
236	185754
237	212795
238	248599
239	290700
240	345057
241	414126
242	500825
243	608475
244	742165
245	905234
246	1107430
247	1351738
248	1640201
249	1987424
250	2393616
251	2866174
252	3399723
253	4011283
254	4694582
255	5444420
256	6278562
257	7177331
258	8159008
259	9197156
260	10283961
261	11423453
262	12565680
263	13745986
264	14897084
265	16043619
266	17167640
267	18233350
268	19298828
269	20277654
270	21229904
271	22055685
272	22774097
273	23451126
274	23969090
275	24377052
276	24763725
277	24989140
278	25175691
279	25273298
280	25350505
281	25296254
282	25173809
283	24989049
284	24646207
285	24325381
286	23957282
287	23448596
288	23000111
289	22510707
290	21920826
291	21334073
292	20724375
293	20001372
294	19283092
295	18492717
296	17657105
297	16848900
298	15958428
299	15097610
300	14169011
301	13277782
302	12324973
303	11405875
304	10447524
305	9529505
306	8607522
307	7715867
308	6870006
309	6060127
310	5301339
311	4594958
312	3948351
313	3351290
314	2822494
315	2341091
316	1927793
317	1565236
318	1258404
319	1000021
320	785701
321	609327
322	471417
323	358337
324	271786
325	205284
326	155358
327	117637
328	89843
329	69931
330	54961
331	44788
332	36806
333	32014
334	27660
335	25158
336	22640
337	21068
338	20114
339	19038
340	18264
341	17339
342	16760
343	16328
344	15693
345	15528
346	14898
347	14347
348	13580
349	13697
350	13261
351	12874
352	12850
353	12518
354	12219
355	12144
356	11846
357	11185
358	10869
359	10950
360	10464
361	9981
362	9982
363	9589
364	9582
365	9340
366	8878
367	8827
368	8796
369	8651
370	8584
371	8899
372	8956
373	9652
374	11193
375	18948
376	15800
377	18163
378	6922
379	4153
380	2473
381	1687
382	1588
383	1525
384	1403
385	1267
386	1245
387	1043
388	735
389	486
390	411
391	350
392	290
393	264
394	269
395	329
396	398
397	454
398	448
399	464
400	508
401	468
402	513
403	514
404	527
405	515
406	477
407	525
408	500
409	483
410	511
411	495
412	494
413	488
414	474
415	477
416	499
417	483
418	469
419	514
420	503
421	486
422	468
423	511
424	489
425	493
426	520
427	463
428	484
429	451
430	502
431	423
432	455
433	481
434	445
435	456
436	400
437	405
438	397
439	431
440	404
441	402
442	359
443	346
444	312
445	335
446	332
447	346
448	345
449	277
450	309
451	307
452	265
453	300
454	307
455	262
456	283
457	257
458	261
459	274
460	261
461	235
462	234
463	216
464	215
465	200
466	179
467	186
468	198
469	211
470	197
471	171
472	173
473	182
474	148
475	145
476	156
477	164
478	133
479	133
480	160
481	135
482	145
483	136
484	127
485	145
486	132
487	130
488	139
489	113
490	144
491	123
492	131
493	121
494	108
495	111
496	118
497	127
498	137
499	119
500	110
501	108
502	94
503	97
504	130
505	112
506	116
507	113
508	96
509	108
510	103
511	100
512	89
513	98
514	101
515	79
516	104
517	77
518	102
519	78
520	107
521	118
522	91
523	98
524	94
525	107
526	90
527	78
528	89
529	68
530	79
531	83
532	93
533	91
534	98
535	86
536	99
537	113
538	89
539	108
540	102
541	92
542	96
543	96
544	77
545	93
546	99
547	99
548	106
549	97
550	98
551	114
552	102
553	95
554	113
555	100
556	109
557	110
558	107
559	121
560	133
561	115
562	136
563	150
564	125
565	136
566	155
567	154
568	186
569	189
570	176
571	183
572	233
573	210
574	236
575	266
576	274
577	313
578	296
579	307
580	361
581	376
582	428
583	404
584	487
585	487
586	564
587	576
588	589
589	643
590	637
591	752
592	776
593	809
594	904
595	937
596	995
597	1115
598	1128
599	1200
600	1209
601	1333
602	1304
603	1465
604	1556
605	1558
606	1729
607	1706
608	1729
609	1839
610	1794
611	1881
612	1901
613	1977
614	1949
615	1884
616	1916
617	1933
618	1928
619	1877
620	1882
621	1797
622	1795
623	1815
624	1813
625	1795
626	1674
627	1670
628	1606
629	1558
630	1395
631	1408
632	1420
633	1369
634	1360
635	1316
636	1247
637	1203
638	1080
639	1031
640	932
641	894
642	827
643	888
644	732
645	731
646	630
647	538
648	473
649	440
650	374
651	343
652	273
653	274
654	212
655	206
656	157
657	153
658	121
659	123
660	98
661	92
662	103
663	83
664	81
665	70
666	65
667	73
668	68
669	82
670	71
671	74
672	58
673	91
674	79
675	49
676	64
677	75
678	60
679	90
680	83
681	49
682	75
683	73
684	77
685	74
686	60
687	73
688	58
689	79
690	46
691	60
692	67
693	66
694	66
695	64
696	60
697	64
698	50
699	58
700	51
701	57
702	53
703	50
704	70
705	62
706	57
707	51
708	61
709	82
710	65
711	57
712	93
713	85
714	77
715	99
716	91
717	95
718	92
719	103
720	103
721	91
722	132
723	144
724	130
725	178
726	158
727	200
728	207
729	217
730	193
731	230
732	262
733	306
734	360
735	339
736	437
737	437
738	399
739	413
740	438
741	483
742	499
743	566
744	567
745	561
746	582
747	582
748	597
749	638
750	688
751	675
752	699
753	715
754	737
755	694
756	711
757	711
758	662
759	643
760	574
761	549
762	544
763	543
764	525
765	497
766	422
767	463
768	433
769	473
770	433
771	462
772	501
773	476
774	450
775	473
776	509
777	520
778	564
779	580
780	518
781	599
782	611
783	703
784	636
785	653
786	653
787	621
788	639
789	691
790	554
791	552
792	558
793	572
794	541
795	519
796	498
797	509
798	506
799	456
800	501
801	519
802	433
803	444
804	403
805	460
806	412
807	398
808	366
809	399
810	309
811	297
812	324
813	248
814	259
815	204
816	188
817	192
818	190
819	168
820	169
821	117
822	126
823	129
824	115
825	106
826	109
827	118
828	85
829	102
830	92
831	129
832	92
833	121
834	125
835	118
836	109
837	106
838	130
839	120
840	110
841	147
842	135
843	117
844	146
845	102
846	112
847	132
848	118
849	136
850	150
851	128
852	137
853	142
854	117
855	149
856	152
857	135
858	128
859	137
860	122
861	113
862	107
863	129
864	83
865	128
866	111
867	91
868	93
869	83
870	66
871	91
872	65
873	80
874	63
875	77
876	65
877	57
878	56
879	59
880	67
881	50
882	59
883	53
884	61
885	55
886	38
887	49
888	50
889	50
890	56
891	57
892	56
893	58
894	51
895	44
896	47
897	58
898	62
899	69
900	52
901	50
902	58
903	67
904	62
905	48
906	65
907	52
908	58
909	66
910	67
911	68
912	83
913	87
914	104
915	101
916	100
917	131
918	137
919	155
920	146
921	116
922	123
923	141
924	151
925	137
926	148
927	169
928	171
929	243
930	276
931	302
932	310
933	355
934	410
935	464
936	561
937	617
938	708
939	780
940	836
941	966
942	1001
943	1087
944	1274
945	1435
946	1367
947	1604
948	1688
949	1830
950	1994
951	1914
952	1944
953	2003
954	2181
955	2207
956	2190
957	2270
958	2256
959	2236
960	2337
961	2381
962	2432
963	2487
964	2344
965	2423
966	2338
967	2440
968	2334
969	2377
970	1996
971	2084
972	1922
973	1809
974	1815
975	1757
976	1602
977	1619
978	1506
979	1357
980	1289
981	1209
982	1120
983	1060
984	925
985	846
986	910
987	725
988	681
989	562
990	487
991	458
992	437
993	341
994	278
995	204
996	197
997	151
998	155
999	2783833
