0	0
1	0
2	0
3	0
4	0
5	0
6	0
7	0
8	0
9	0
10	0
11	0
12	0
13	0
14	0
15	0
16	0
17	0
18	0
19	0
20	0
21	0
22	0
23	0
24	0
25	0
26	0
27	0
28	0
29	0
30	0
31	0
32	0
33	0
34	0
35	0
36	0
37	0
38	0
39	0
40	0
41	0
42	0
43	0
44	0
45	0
46	0
47	0
48	0
49	0
50	0
51	0
52	0
53	0
54	0
55	0
56	0
57	0
58	0
59	0
60	0
61	0
62	0
63	0
64	0
65	0
66	0
67	0
68	0
69	0
70	0
71	0
72	0
73	0
74	0
75	0
76	0
77	0
78	0
79	0
80	0
81	0
82	0
83	0
84	0
85	0
86	0
87	0
88	0
89	0
90	0
91	0
92	0
93	0
94	0
95	0
96	0
97	0
98	2
99	7
100	13
101	1096
102	1212
103	1112
104	1207
105	1191
106	1187
107	1181
108	1200
109	1201
110	1202
111	1181
112	1218
113	1220
114	1179
115	1220
116	1287
117	1324
118	1260
119	1371
120	1385
121	1395
122	1490
123	1562
124	1566
125	2251
126	2373
127	2519
128	2572
129	2655
130	3010
131	2880
132	2980
133	2954
134	3219
135	3005
136	3050
137	3072
138	3166
139	3266
140	3351
141	3437
142	3324
143	3623
144	4002
145	4372
146	4504
147	4493
148	4731
149	4910
150	5037
151	5248
152	5578
153	5870
154	6331
155	6414
156	5930
157	5831
158	5655
159	5255
160	5453
161	5509
162	5860
163	6060
164	6115
165	6071
166	6391
167	6144
168	6644
169	6803
170	7303
171	6990
172	7013
173	7101
174	6883
175	6798
176	6805
177	6743
178	7314
179	7190
180	7376
181	7204
182	7535
183	8101
184	8234
185	8769
186	9216
187	9089
188	8874
189	9178
190	9358
191	9012
192	8915
193	9353
194	9170
195	9474
196	9312
197	9757
198	9813
199	9900
200	10139
201	9914
202	9967
203	10228
204	10545
205	10597
206	11858
207	13921
208	12702
209	17387
210	18334
211	16334
212	15548
213	17737
214	17655
215	12678
216	12010
217	12161
218	12215
219	12516
220	12798
221	12804
222	13101
223	13429
224	13300
225	13642
226	13364
227	13779
228	13822
229	13918
230	13820
231	13708
232	14342
233	14313
234	14906
235	15117
236	15428
237	15502
238	16001
239	16407
240	16591
241	17151
242	17614
243	17928
244	18740
245	19181
246	19703
247	20554
248	21233
249	22215
250	23051
251	23670
252	25047
253	26303
254	27787
255	28641
256	30479
257	32252
258	34370
259	36450
260	38580
261	40775
262	44328
263	47275
264	50807
265	54674
266	59087
267	63880
268	68906
269	74882
270	81678
271	88847
272	96746
273	106021
274	115420
275	126949
276	138013
277	149719
278	163367
279	176607
280	190952
281	205447
282	219470
283	234895
284	249892
285	263976
286	278857
287	293479
288	307823
289	324071
290	340421
291	358213
292	376505
293	397700
294	421215
295	445466
296	474283
297	509369
298	552363
299	602857
300	666235
301	746778
302	848888
303	976837
304	1144402
305	1345792
306	1592500
307	1893003
308	2253106
309	2666981
310	3141800
311	3671701
312	4243232
313	4871492
314	5510854
315	6167095
316	6842960
317	7496866
318	8118748
319	8712429
320	9287447
321	9783288
322	10245145
323	10649488
324	11001688
325	11286172
326	11504521
327	11684130
328	11834277
329	11920139
330	11971814
331	12010850
332	12055791
333	12038457
334	12021164
335	11982170
336	11925040
337	11896933
338	11821960
339	11752467
340	11687967
341	11610303
342	11565096
343	11502621
344	11441458
345	11370219
346	11291193
347	11211265
348	11130866
349	11088163
350	11008121
351	10938706
352	10865689
353	10789122
354	10724792
355	10657991
356	10530981
357	10456053
358	10375502
359	10298061
360	10218523
361	10153022
362	10040307
363	9958363
364	9882127
365	9807099
366	9732912
367	9645267
368	9526596
369	9443097
370	9345593
371	9259147
372	9163184
373	9040048
374	8950274
375	8845547
376	8744108
377	8602095
378	8463740
379	8349963
380	8198761
381	8028044
382	7874421
383	7706659
384	7540900
385	7333789
386	7145538
387	6949594
388	6723641
389	6502274
390	6273505
391	6039673
392	5795687
393	5559747
394	5325467
395	5074092
396	4828041
397	4584527
398	4320504
399	4072454
400	3820144
401	3557160
402	3307336
403	3051212
404	2800335
405	2556372
406	2315659
407	2086921
408	1864019
409	1651386
410	1455337
411	1274096
412	1109970
413	962458
414	830875
415	712713
416	611151
417	524797
418	450614
419	385662
420	329533
421	283861
422	245104
423	210184
424	181346
425	155060
426	133555
427	112984
428	97571
429	82583
430	70050
431	59100
432	50008
433	42316
434	35752
435	30024
436	25304
437	21768
438	18654
439	16190
440	14148
441	12515
442	11399
443	10563
444	9800
445	9157
446	8756
447	8364
448	8130
449	7537
450	7488
451	7527
452	7257
453	7068
454	7001
455	6787
456	6975
457	6628
458	6408
459	6370
460	6288
461	6384
462	6320
463	6043
464	6149
465	6188
466	6225
467	6150
468	6402
469	6184
470	6131
471	6142
472	6113
473	6413
474	6499
475	6697
476	7074
477	7972
478	9181
479	11063
480	14799
481	20674
482	19467
483	15682
484	5579
485	2489
486	1840
487	1404
488	1386
489	1319
490	1286
491	1210
492	1181
493	1162
494	1174
495	1244
496	1167
497	1114
498	1109
499	1132
500	1136
501	1125
502	1011
503	1060
504	1080
505	1088
506	1029
507	957
508	1000
509	988
510	990
511	988
512	988
513	952
514	954
515	898
516	816
517	830
518	824
519	860
520	823
521	853
522	793
523	824
524	790
525	739
526	753
527	838
528	720
529	765
530	678
531	697
532	712
533	698
534	668
535	661
536	600
537	528
538	443
539	358
540	310
541	252
542	238
543	234
544	215
545	246
546	225
547	229
548	216
549	226
550	230
551	255
552	231
553	196
554	208
555	176
556	190
557	165
558	189
559	203
560	202
561	199
562	177
563	165
564	176
565	180
566	169
567	174
568	141
569	175
570	164
571	155
572	145
573	151
574	135
575	137
576	134
577	145
578	144
579	137
580	145
581	172
582	125
583	134
584	130
585	139
586	140
587	137
588	144
589	142
590	137
591	108
592	135
593	128
594	119
595	133
596	130
597	133
598	144
599	139
600	135
601	128
602	121
603	148
604	152
605	127
606	151
607	151
608	152
609	141
610	147
611	152
612	143
613	152
614	169
615	161
616	166
617	168
618	167
619	165
620	178
621	180
622	185
623	194
624	225
625	201
626	218
627	206
628	243
629	265
630	456
631	292
632	420
633	300
634	309
635	339
636	300
637	365
638	383
639	401
640	414
641	411
642	438
643	478
644	522
645	532
646	525
647	594
648	591
649	643
650	654
651	688
652	839
653	767
654	821
655	888
656	848
657	943
658	1004
659	968
660	1108
661	1039
662	1126
663	1196
664	1113
665	1201
666	1222
667	1166
668	1201
669	1256
670	1169
671	1137
672	1028
673	1184
674	1144
675	1094
676	1103
677	1071
678	1095
679	1128
680	1003
681	1158
682	1155
683	1123
684	1111
685	1161
686	1079
687	1110
688	1155
689	1158
690	1217
691	1074
692	1129
693	1024
694	1031
695	1085
696	1049
697	1014
698	993
699	953
700	1026
701	1056
702	985
703	944
704	943
705	927
706	922
707	957
708	937
709	910
710	889
711	967
712	866
713	812
714	825
715	833
716	910
717	832
718	807
719	795
720	784
721	696
722	766
723	702
724	663
725	617
726	652
727	691
728	667
729	586
730	613
731	561
732	497
733	526
734	432
735	459
736	364
737	403
738	371
739	339
740	325
741	310
742	260
743	264
744	248
745	209
746	228
747	215
748	186
749	150
750	148
751	127
752	136
753	120
754	126
755	108
756	103
757	83
758	92
759	84
760	92
761	82
762	83
763	82
764	64
765	86
766	85
767	84
768	68
769	63
770	99
771	74
772	75
773	95
774	93
775	96
776	106
777	90
778	82
779	103
780	97
781	105
782	104
783	129
784	141
785	132
786	153
787	189
788	183
789	206
790	213
791	237
792	243
793	263
794	297
795	309
796	314
797	315
798	302
799	310
800	291
801	303
802	304
803	293
804	248
805	253
806	291
807	262
808	250
809	230
810	214
811	208
812	224
813	215
814	202
815	168
816	157
817	185
818	187
819	198
820	192
821	166
822	160
823	180
824	189
825	172
826	203
827	215
828	212
829	204
830	221
831	266
832	247
833	216
834	233
835	250
836	215
837	187
838	185
839	188
840	171
841	177
842	201
843	190
844	166
845	179
846	144
847	136
848	153
849	141
850	139
851	127
852	114
853	118
854	127
855	105
856	106
857	134
858	121
859	122
860	129
861	105
862	124
863	99
864	91
865	122
866	113
867	103
868	112
869	106
870	114
871	139
872	139
873	142
874	133
875	117
876	126
877	106
878	110
879	100
880	99
881	97
882	98
883	110
884	131
885	95
886	112
887	111
888	97
889	116
890	114
891	118
892	106
893	120
894	94
895	119
896	95
897	102
898	102
899	111
900	106
901	99
902	95
903	89
904	85
905	91
906	99
907	80
908	91
909	78
910	71
911	75
912	65
913	77
914	77
915	79
916	77
917	63
918	63
919	60
920	64
921	48
922	47
923	55
924	45
925	54
926	73
927	59
928	59
929	41
930	40
931	49
932	44
933	45
934	35
935	56
936	57
937	46
938	43
939	44
940	55
941	43
942	60
943	40
944	41
945	50
946	43
947	44
948	50
949	40
950	36
951	45
952	48
953	37
954	43
955	37
956	55
957	52
958	40
959	61
960	35
961	41
962	44
963	49
964	62
965	62
966	62
967	65
968	64
969	75
970	57
971	64
972	61
973	54
974	67
975	59
976	61
977	85
978	61
979	49
980	58
981	52
982	55
983	59
984	56
985	61
986	84
987	80
988	68
989	64
990	100
991	87
992	105
993	119
994	112
995	123
996	129
997	147
998	151
999	1291437
