0	0
1	0
2	0
3	0
4	0
5	0
6	0
7	0
8	0
9	0
10	0
11	0
12	0
13	0
14	0
15	0
16	0
17	0
18	0
19	0
20	0
21	0
22	0
23	0
24	0
25	0
26	0
27	0
28	0
29	0
30	0
31	0
32	0
33	0
34	0
35	0
36	0
37	0
38	0
39	0
40	0
41	0
42	0
43	0
44	0
45	0
46	0
47	0
48	0
49	0
50	0
51	0
52	0
53	0
54	0
55	0
56	0
57	0
58	0
59	0
60	0
61	0
62	0
63	0
64	0
65	0
66	0
67	0
68	0
69	0
70	0
71	0
72	0
73	0
74	0
75	0
76	0
77	0
78	0
79	0
80	0
81	0
82	0
83	0
84	0
85	0
86	0
87	0
88	0
89	0
90	0
91	0
92	0
93	0
94	0
95	0
96	0
97	2
98	5
99	6
100	31
101	1541
102	1543
103	1639
104	1679
105	1694
106	1726
107	1787
108	1748
109	1730
110	1754
111	1818
112	1779
113	1838
114	1742
115	1919
116	1896
117	1980
118	1880
119	1970
120	2007
121	2159
122	2597
123	2575
124	2836
125	3144
126	3326
127	3763
128	4058
129	3835
130	4168
131	4076
132	4162
133	4622
134	4846
135	4605
136	5281
137	5170
138	5303
139	5586
140	6031
141	6694
142	7142
143	7672
144	7763
145	7821
146	7996
147	8031
148	8504
149	8775
150	8687
151	8705
152	9202
153	9051
154	9424
155	8870
156	7894
157	7894
158	7784
159	7734
160	7698
161	7790
162	7783
163	7824
164	7950
165	7345
166	6707
167	6897
168	6806
169	6845
170	7050
171	6779
172	7006
173	7031
174	6847
175	6923
176	7043
177	7154
178	7357
179	7540
180	7594
181	7631
182	7830
183	8044
184	8202
185	8450
186	8507
187	8693
188	9033
189	9101
190	9318
191	9308
192	9610
193	10128
194	10252
195	10364
196	10825
197	11081
198	11369
199	11449
200	12046
201	12090
202	12438
203	13111
204	13453
205	14225
206	15749
207	17904
208	18237
209	23437
210	24089
211	23263
212	22974
213	26051
214	26867
215	23010
216	23670
217	24663
218	26383
219	28256
220	28973
221	30381
222	31810
223	33134
224	34760
225	36312
226	37777
227	40044
228	41766
229	43525
230	45478
231	47172
232	48914
233	51794
234	53976
235	56515
236	59024
237	63005
238	65819
239	69055
240	73613
241	77400
242	82335
243	88030
244	94410
245	101131
246	108272
247	117342
248	125041
249	134223
250	145848
251	156946
252	168997
253	183329
254	197344
255	212649
256	230482
257	248219
258	267276
259	289580
260	310421
261	334014
262	359010
263	387166
264	414957
265	445224
266	475492
267	508803
268	545784
269	584394
270	628242
271	676583
272	736217
273	806703
274	891166
275	1000081
276	1136387
277	1311138
278	1536122
279	1822884
280	2186170
281	2635163
282	3184956
283	3846568
284	4627086
285	5522164
286	6558780
287	7729589
288	9005179
289	10426751
290	11935715
291	13538987
292	15234591
293	16912006
294	18663670
295	20356522
296	22027821
297	23604707
298	25152061
299	26525225
300	27862551
301	28961758
302	29911742
303	30747733
304	31307313
305	31760239
306	32033663
307	32128332
308	32096628
309	32068324
310	31822857
311	31510651
312	31065105
313	30482405
314	29909561
315	29252109
316	28412607
317	27590671
318	26694960
319	25680918
320	24688934
321	23567244
322	22453806
323	21248642
324	20001843
325	18727216
326	17410031
327	16087434
328	14764465
329	13437153
330	12172260
331	10925450
332	9745225
333	8615808
334	7548090
335	6553758
336	5639086
337	4805265
338	4064958
339	3400301
340	2822385
341	2320565
342	1897508
343	1540535
344	1240273
345	993519
346	794162
347	631039
348	504338
349	404226
350	321110
351	258576
352	208447
353	168341
354	137522
355	112970
356	92729
357	77803
358	65256
359	55318
360	47533
361	40998
362	36754
363	32834
364	30190
365	27689
366	25682
367	24700
368	23698
369	22359
370	21827
371	21145
372	20334
373	20216
374	19394
375	18757
376	18133
377	18081
378	17592
379	17787
380	16831
381	16580
382	15918
383	15449
384	15030
385	14409
386	14217
387	13705
388	13671
389	13024
390	12833
391	12566
392	12309
393	12507
394	12362
395	12346
396	12820
397	13069
398	15344
399	19534
400	25028
401	24003
402	17702
403	7644
404	3691
405	2374
406	1725
407	1282
408	806
409	587
410	606
411	550
412	623
413	539
414	468
415	460
416	425
417	350
418	395
419	462
420	606
421	582
422	641
423	655
424	597
425	680
426	680
427	697
428	616
429	629
430	678
431	676
432	616
433	735
434	688
435	634
436	649
437	649
438	633
439	620
440	545
441	620
442	655
443	645
444	651
445	595
446	600
447	605
448	580
449	655
450	597
451	574
452	587
453	595
454	591
455	584
456	611
457	606
458	618
459	590
460	614
461	610
462	550
463	565
464	558
465	536
466	543
467	541
468	515
469	483
470	509
471	513
472	434
473	498
474	496
475	458
476	459
477	448
478	425
479	395
480	416
481	414
482	372
483	389
484	397
485	351
486	369
487	343
488	372
489	358
490	312
491	304
492	292
493	303
494	261
495	281
496	271
497	273
498	257
499	276
500	229
501	231
502	221
503	194
504	217
505	241
506	205
507	210
508	194
509	209
510	198
511	182
512	175
513	178
514	181
515	183
516	174
517	205
518	215
519	168
520	175
521	219
522	235
523	222
524	239
525	241
526	209
527	270
528	236
529	232
530	277
531	236
532	231
533	168
534	137
535	138
536	140
537	150
538	137
539	141
540	164
541	152
542	147
543	146
544	161
545	136
546	130
547	145
548	146
549	146
550	109
551	150
552	159
553	127
554	141
555	128
556	96
557	123
558	136
559	126
560	118
561	114
562	128
563	123
564	114
565	147
566	140
567	113
568	125
569	132
570	123
571	123
572	151
573	139
574	118
575	137
576	132
577	132
578	121
579	137
580	150
581	144
582	123
583	136
584	153
585	137
586	148
587	172
588	191
589	177
590	155
591	164
592	174
593	190
594	203
595	243
596	215
597	192
598	235
599	248
600	245
601	284
602	291
603	293
604	297
605	369
606	336
607	380
608	401
609	409
610	483
611	545
612	519
613	576
614	615
615	582
616	687
617	738
618	750
619	811
620	931
621	941
622	995
623	1077
624	1104
625	1157
626	1327
627	1343
628	1400
629	1546
630	1566
631	1635
632	1807
633	1898
634	2042
635	2183
636	2149
637	2381
638	2384
639	2516
640	2500
641	2664
642	2655
643	2862
644	2693
645	2798
646	2788
647	2676
648	2624
649	2614
650	2545
651	2587
652	2452
653	2430
654	2309
655	2290
656	2189
657	2046
658	2056
659	1863
660	1795
661	1736
662	1540
663	1465
664	1417
665	1268
666	1103
667	1027
668	988
669	825
670	787
671	699
672	593
673	573
674	470
675	393
676	376
677	343
678	267
679	241
680	234
681	176
682	181
683	166
684	131
685	127
686	118
687	102
688	104
689	89
690	103
691	71
692	92
693	89
694	75
695	75
696	67
697	79
698	61
699	67
700	79
701	52
702	70
703	60
704	64
705	65
706	62
707	63
708	69
709	65
710	58
711	65
712	51
713	55
714	53
715	47
716	72
717	74
718	47
719	55
720	60
721	75
722	70
723	67
724	71
725	70
726	54
727	76
728	80
729	69
730	64
731	71
732	60
733	98
734	127
735	118
736	133
737	118
738	106
739	136
740	103
741	102
742	101
743	117
744	148
745	146
746	180
747	207
748	184
749	184
750	203
751	191
752	209
753	251
754	266
755	284
756	315
757	301
758	288
759	346
760	374
761	370
762	388
763	463
764	457
765	492
766	450
767	474
768	426
769	593
770	522
771	505
772	535
773	521
774	548
775	549
776	592
777	568
778	561
779	523
780	523
781	513
782	552
783	602
784	596
785	583
786	652
787	749
788	839
789	945
790	877
791	848
792	976
793	1035
794	1049
795	1062
796	1067
797	1075
798	1015
799	1058
800	967
801	916
802	999
803	1044
804	985
805	969
806	1022
807	1063
808	1009
809	1108
810	1032
811	1112
812	1063
813	1081
814	1192
815	1032
816	1101
817	1009
818	1053
819	1044
820	948
821	1038
822	977
823	936
824	986
825	897
826	946
827	860
828	876
829	822
830	830
831	706
832	717
833	674
834	650
835	568
836	536
837	488
838	506
839	432
840	378
841	378
842	308
843	260
844	229
845	170
846	199
847	162
848	146
849	145
850	99
851	112
852	102
853	114
854	98
855	98
856	92
857	114
858	101
859	96
860	106
861	108
862	106
863	106
864	124
865	209
866	141
867	163
868	156
869	152
870	120
871	141
872	137
873	159
874	135
875	129
876	137
877	128
878	125
879	128
880	104
881	122
882	107
883	110
884	115
885	84
886	85
887	99
888	93
889	112
890	83
891	92
892	81
893	79
894	78
895	76
896	64
897	67
898	79
899	64
900	73
901	56
902	61
903	51
904	53
905	57
906	71
907	65
908	64
909	59
910	65
911	50
912	62
913	50
914	64
915	66
916	58
917	57
918	70
919	60
920	59
921	76
922	67
923	56
924	67
925	66
926	61
927	65
928	73
929	80
930	59
931	86
932	59
933	64
934	75
935	71
936	73
937	65
938	78
939	68
940	94
941	81
942	80
943	101
944	90
945	96
946	106
947	110
948	90
949	88
950	114
951	106
952	120
953	127
954	134
955	185
956	171
957	212
958	282
959	296
960	362
961	375
962	491
963	576
964	676
965	771
966	1009
967	1097
968	1215
969	1428
970	1611
971	1931
972	2147
973	2384
974	2633
975	2985
976	3067
977	3346
978	3566
979	3815
980	4067
981	4117
982	4221
983	4399
984	4562
985	4707
986	4714
987	4765
988	4712
989	4745
990	4764
991	4653
992	4599
993	4646
994	4543
995	4496
996	4477
997	4428
998	4411
999	3208767
