0	0
1	0
2	0
3	0
4	0
5	0
6	0
7	0
8	0
9	0
10	0
11	0
12	0
13	0
14	0
15	0
16	0
17	0
18	0
19	0
20	0
21	0
22	0
23	0
24	0
25	0
26	0
27	0
28	0
29	0
30	0
31	0
32	0
33	0
34	0
35	0
36	0
37	0
38	0
39	0
40	0
41	0
42	0
43	0
44	0
45	0
46	0
47	0
48	0
49	0
50	0
51	0
52	0
53	0
54	0
55	0
56	0
57	0
58	0
59	0
60	0
61	0
62	0
63	0
64	0
65	0
66	0
67	0
68	0
69	0
70	0
71	0
72	0
73	0
74	0
75	0
76	0
77	0
78	0
79	0
80	0
81	0
82	0
83	0
84	0
85	0
86	0
87	0
88	0
89	0
90	0
91	0
92	0
93	0
94	0
95	0
96	0
97	1
98	2
99	17
100	29
101	3527
102	3535
103	3768
104	3706
105	3910
106	3826
107	3953
108	3964
109	4033
110	4126
111	4097
112	3973
113	3999
114	4164
115	4297
116	4138
117	4266
118	4279
119	4447
120	4522
121	4670
122	4921
123	4863
124	5072
125	5725
126	5821
127	6152
128	6389
129	6322
130	6926
131	6677
132	6894
133	7137
134	7531
135	7263
136	7750
137	7796
138	7776
139	7955
140	7828
141	8271
142	8452
143	9364
144	9584
145	9965
146	10287
147	10223
148	10483
149	10677
150	11040
151	11333
152	11570
153	11986
154	12780
155	12097
156	11486
157	11342
158	11390
159	11323
160	11390
161	11441
162	12155
163	12339
164	12288
165	11841
166	11158
167	11237
168	11316
169	11648
170	11635
171	11730
172	11442
173	11478
174	11360
175	11137
176	11217
177	11075
178	11141
179	11213
180	11279
181	11232
182	11417
183	11676
184	11603
185	11674
186	11856
187	11715
188	11859
189	12061
190	11848
191	12057
192	12115
193	11979
194	12260
195	12487
196	12733
197	13041
198	13033
199	12985
200	13481
201	13610
202	13697
203	13826
204	14592
205	15043
206	17410
207	20430
208	19490
209	28753
210	29421
211	26198
212	24471
213	28448
214	28730
215	19547
216	18445
217	18789
218	19766
219	20203
220	20719
221	21166
222	21838
223	22745
224	23685
225	23700
226	24347
227	24895
228	24887
229	25799
230	26049
231	26551
232	27228
233	28356
234	28954
235	29838
236	30119
237	31020
238	32077
239	32991
240	33993
241	34727
242	35395
243	36743
244	37689
245	38777
246	40180
247	41093
248	41800
249	42833
250	44574
251	45509
252	46677
253	48403
254	49615
255	51460
256	53135
257	54864
258	57058
259	59113
260	61247
261	63726
262	66877
263	70143
264	73681
265	78567
266	84072
267	90148
268	98085
269	106078
270	117021
271	129033
272	145095
273	163997
274	188764
275	219922
276	258248
277	307842
278	370081
279	448527
280	546507
281	668777
282	816650
283	998213
284	1221699
285	1479126
286	1788068
287	2153259
288	2563056
289	3044380
290	3588691
291	4198515
292	4876677
293	5623563
294	6440870
295	7302370
296	8239529
297	9215476
298	10257405
299	11322769
300	12460060
301	13564884
302	14720085
303	15826707
304	16919672
305	17978705
306	18947685
307	19892696
308	20725628
309	21474854
310	22209593
311	22770567
312	23237053
313	23692596
314	23959305
315	24135224
316	24254685
317	24314236
318	24236386
319	24127141
320	24007759
321	23870348
322	23631599
323	23385777
324	23112824
325	22686841
326	22335451
327	21965665
328	21580159
329	21078539
330	20661599
331	20214564
332	19719915
333	19185334
334	18678781
335	18116245
336	17480052
337	16870096
338	16187924
339	15488759
340	14799545
341	14037600
342	13325924
343	12554840
344	11801511
345	11050280
346	10275837
347	9530410
348	8782574
349	8068396
350	7367747
351	6697869
352	6056892
353	5449218
354	4883631
355	4336084
356	3834420
357	3364923
358	2933682
359	2539947
360	2178944
361	1859324
362	1576238
363	1323150
364	1106744
365	917986
366	755485
367	617023
368	503508
369	408642
370	331713
371	268215
372	218023
373	176585
374	144011
375	119896
376	99681
377	83695
378	72036
379	61716
380	54231
381	47036
382	41862
383	37222
384	34071
385	31013
386	28733
387	26995
388	25439
389	23893
390	22584
391	21516
392	20691
393	20248
394	19571
395	18913
396	18024
397	17677
398	17267
399	16804
400	16540
401	15974
402	15867
403	15452
404	14852
405	14369
406	14020
407	13782
408	13623
409	13397
410	12854
411	13055
412	12727
413	12654
414	12456
415	12428
416	12424
417	12650
418	13213
419	14273
420	18098
421	23004
422	32075
423	21239
424	13697
425	5198
426	3352
427	2624
428	2488
429	2386
430	2200
431	2240
432	2176
433	2197
434	2099
435	2086
436	2084
437	2053
438	1883
439	1679
440	1446
441	1053
442	774
443	736
444	784
445	738
446	788
447	819
448	728
449	758
450	722
451	697
452	714
453	683
454	674
455	667
456	678
457	656
458	704
459	693
460	670
461	668
462	682
463	636
464	645
465	698
466	646
467	625
468	638
469	610
470	624
471	588
472	551
473	608
474	604
475	511
476	561
477	520
478	550
479	494
480	499
481	464
482	495
483	514
484	485
485	467
486	499
487	430
488	460
489	484
490	457
491	442
492	384
493	425
494	409
495	398
496	431
497	362
498	318
499	366
500	349
501	307
502	355
503	320
504	335
505	304
506	324
507	299
508	297
509	276
510	275
511	282
512	280
513	297
514	259
515	268
516	274
517	251
518	252
519	295
520	276
521	264
522	220
523	262
524	251
525	260
526	255
527	297
528	283
529	287
530	271
531	255
532	277
533	250
534	203
535	249
536	236
537	254
538	247
539	237
540	245
541	260
542	255
543	317
544	294
545	317
546	319
547	348
548	353
549	378
550	438
551	412
552	316
553	260
554	218
555	226
556	175
557	213
558	193
559	160
560	185
561	200
562	195
563	165
564	164
565	161
566	181
567	173
568	190
569	158
570	175
571	153
572	155
573	174
574	159
575	167
576	156
577	181
578	173
579	158
580	158
581	168
582	192
583	191
584	193
585	179
586	178
587	164
588	174
589	186
590	165
591	157
592	156
593	189
594	176
595	185
596	182
597	187
598	191
599	180
600	200
601	181
602	215
603	215
604	232
605	213
606	237
607	291
608	270
609	279
610	304
611	321
612	320
613	360
614	357
615	394
616	396
617	415
618	478
619	463
620	489
621	542
622	550
623	618
624	588
625	647
626	667
627	735
628	799
629	781
630	910
631	883
632	951
633	1027
634	1051
635	1146
636	1223
637	1339
638	1252
639	1447
640	1460
641	1496
642	1550
643	1704
644	1805
645	1764
646	1884
647	1909
648	1927
649	1973
650	2027
651	1958
652	1974
653	1968
654	1932
655	1847
656	2010
657	1908
658	1938
659	1919
660	1882
661	1655
662	1686
663	1765
664	1608
665	1629
666	1552
667	1535
668	1463
669	1484
670	1384
671	1373
672	1244
673	1285
674	1182
675	1119
676	1031
677	1028
678	981
679	918
680	893
681	878
682	784
683	770
684	709
685	633
686	591
687	585
688	554
689	518
690	452
691	434
692	397
693	318
694	306
695	302
696	302
697	239
698	207
699	193
700	176
701	182
702	161
703	153
704	134
705	137
706	109
707	103
708	107
709	86
710	111
711	85
712	89
713	104
714	91
715	84
716	80
717	85
718	98
719	76
720	74
721	87
722	98
723	79
724	88
725	72
726	89
727	109
728	113
729	128
730	149
731	138
732	134
733	152
734	174
735	148
736	139
737	143
738	110
739	134
740	119
741	108
742	117
743	142
744	170
745	149
746	191
747	187
748	159
749	154
750	174
751	235
752	237
753	289
754	253
755	263
756	277
757	259
758	245
759	258
760	261
761	270
762	282
763	347
764	351
765	389
766	396
767	403
768	437
769	523
770	508
771	561
772	597
773	517
774	563
775	621
776	681
777	677
778	693
779	689
780	636
781	703
782	787
783	802
784	866
785	901
786	1021
787	1160
788	1225
789	1280
790	1301
791	1329
792	1363
793	1630
794	1697
795	1671
796	1711
797	1616
798	1635
799	1667
800	1613
801	1547
802	1384
803	1459
804	1400
805	1271
806	1311
807	1274
808	1139
809	1099
810	908
811	892
812	808
813	796
814	742
815	690
816	645
817	562
818	559
819	523
820	480
821	469
822	436
823	436
824	391
825	369
826	389
827	381
828	307
829	297
830	281
831	291
832	280
833	239
834	220
835	229
836	207
837	177
838	191
839	153
840	138
841	123
842	130
843	136
844	127
845	107
846	104
847	118
848	91
849	106
850	110
851	104
852	104
853	115
854	103
855	99
856	86
857	97
858	108
859	101
860	80
861	110
862	87
863	86
864	113
865	171
866	165
867	152
868	162
869	162
870	166
871	185
872	188
873	202
874	154
875	198
876	165
877	190
878	163
879	157
880	159
881	148
882	159
883	109
884	121
885	119
886	116
887	126
888	112
889	125
890	111
891	107
892	130
893	143
894	154
895	141
896	107
897	118
898	128
899	119
900	110
901	113
902	109
903	104
904	97
905	85
906	69
907	89
908	69
909	69
910	67
911	59
912	68
913	90
914	64
915	77
916	68
917	60
918	86
919	79
920	71
921	74
922	75
923	79
924	88
925	76
926	71
927	112
928	79
929	90
930	104
931	95
932	81
933	62
934	65
935	58
936	62
937	60
938	58
939	62
940	68
941	75
942	63
943	59
944	83
945	59
946	77
947	70
948	73
949	73
950	65
951	64
952	68
953	77
954	89
955	68
956	85
957	107
958	94
959	131
960	150
961	164
962	175
963	185
964	200
965	214
966	221
967	231
968	234
969	244
970	215
971	215
972	239
973	234
974	229
975	267
976	263
977	276
978	266
979	283
980	282
981	300
982	297
983	312
984	325
985	349
986	359
987	409
988	363
989	340
990	352
991	331
992	374
993	393
994	326
995	378
996	402
997	370
998	411
999	3707546
