0	0
1	0
2	0
3	0
4	0
5	0
6	0
7	0
8	0
9	0
10	0
11	0
12	0
13	0
14	0
15	0
16	0
17	0
18	0
19	0
20	0
21	0
22	0
23	0
24	0
25	0
26	0
27	0
28	0
29	0
30	0
31	0
32	0
33	0
34	0
35	0
36	0
37	0
38	0
39	0
40	0
41	0
42	0
43	0
44	0
45	0
46	0
47	0
48	0
49	0
50	0
51	0
52	0
53	0
54	0
55	0
56	0
57	0
58	0
59	0
60	0
61	0
62	0
63	0
64	0
65	0
66	0
67	0
68	0
69	0
70	0
71	0
72	0
73	0
74	0
75	0
76	0
77	0
78	0
79	0
80	0
81	0
82	0
83	0
84	0
85	0
86	0
87	0
88	0
89	0
90	0
91	0
92	0
93	0
94	0
95	0
96	0
97	0
98	1
99	10
100	54
101	1585
102	1620
103	1745
104	1805
105	1935
106	1856
107	1920
108	1971
109	2076
110	2017
111	2031
112	2039
113	1978
114	2060
115	2090
116	2201
117	2136
118	2136
119	2236
120	3363
121	3662
122	4220
123	4166
124	4146
125	4887
126	5265
127	5137
128	5289
129	5680
130	6115
131	6094
132	6134
133	6049
134	6528
135	6634
136	6713
137	6617
138	6785
139	6859
140	6604
141	6903
142	6884
143	6804
144	6855
145	6817
146	7324
147	7154
148	7308
149	7443
150	7627
151	7712
152	7750
153	7918
154	8153
155	8433
156	7621
157	7743
158	7797
159	7605
160	7604
161	7557
162	7934
163	8325
164	8224
165	8037
166	7886
167	8056
168	8298
169	8517
170	8858
171	8866
172	8970
173	9104
174	9271
175	9259
176	9206
177	9234
178	9588
179	9742
180	10096
181	10579
182	10692
183	11061
184	11634
185	12007
186	12367
187	12651
188	12878
189	13145
190	13418
191	13356
192	13586
193	14137
194	14621
195	14549
196	15407
197	15688
198	15732
199	16036
200	16618
201	16718
202	17008
203	17289
204	17900
205	18690
206	19344
207	24054
208	20464
209	30359
210	30297
211	28870
212	25670
213	30604
214	30051
215	22253
216	21277
217	21712
218	22359
219	22379
220	22894
221	23304
222	23611
223	24377
224	24990
225	25610
226	25949
227	26800
228	27566
229	28096
230	29269
231	29873
232	30812
233	31683
234	32565
235	33829
236	34966
237	36013
238	37616
239	39389
240	41184
241	43180
242	45295
243	48308
244	51066
245	54534
246	59054
247	63537
248	69314
249	76988
250	85825
251	96684
252	110259
253	127655
254	149327
255	177447
256	213689
257	258647
258	318386
259	391033
260	482113
261	596136
262	734862
263	900908
264	1100880
265	1335446
266	1609386
267	1917461
268	2261422
269	2649233
270	3065329
271	3501347
272	3959421
273	4428098
274	4903591
275	5374222
276	5825739
277	6262195
278	6674624
279	7074923
280	7437297
281	7763379
282	8054082
283	8302232
284	8529767
285	8716797
286	8865818
287	8992808
288	9090776
289	9174746
290	9248797
291	9306184
292	9339073
293	9352043
294	9345093
295	9342930
296	9330551
297	9324857
298	9305406
299	9290322
300	9278882
301	9271732
302	9259604
303	9267515
304	9273941
305	9262752
306	9257720
307	9251847
308	9249528
309	9245645
310	9245332
311	9249691
312	9264450
313	9249938
314	9245783
315	9232475
316	9210497
317	9186217
318	9167370
319	9145115
320	9142374
321	9131025
322	9117480
323	9093786
324	9074334
325	9052718
326	9018646
327	8984665
328	8954143
329	8931268
330	8895072
331	8847286
332	8810764
333	8792534
334	8755575
335	8723252
336	8690221
337	8646998
338	8609865
339	8561374
340	8508945
341	8463587
342	8423640
343	8391761
344	8345384
345	8310172
346	8270102
347	8222853
348	8150867
349	8096263
350	8056052
351	8010044
352	7971682
353	7932233
354	7878170
355	7821825
356	7762699
357	7715399
358	7659549
359	7612419
360	7557332
361	7489124
362	7421300
363	7375667
364	7320443
365	7269320
366	7205893
367	7127542
368	7051994
369	6980025
370	6905801
371	6819271
372	6735675
373	6639031
374	6544100
375	6449269
376	6345482
377	6231669
378	6103400
379	5972405
380	5835179
381	5689873
382	5532604
383	5363498
384	5205767
385	5031979
386	4846276
387	4653665
388	4443677
389	4245052
390	4025079
391	3800279
392	3577565
393	3351265
394	3123687
395	2896544
396	2672046
397	2452652
398	2238676
399	2032732
400	1835140
401	1649033
402	1482476
403	1323424
404	1177344
405	1047009
406	928997
407	824704
408	729907
409	646860
410	573780
411	508298
412	449682
413	399848
414	353733
415	313851
416	276605
417	243778
418	214493
419	187197
420	163553
421	142688
422	124217
423	107127
424	92010
425	78935
426	67719
427	58322
428	49133
429	41931
430	35909
431	30391
432	26181
433	22493
434	19363
435	17406
436	15198
437	13909
438	12244
439	11310
440	10788
441	9788
442	9767
443	9098
444	9008
445	8616
446	8591
447	8401
448	8477
449	8352
450	8449
451	8528
452	8062
453	8227
454	7960
455	8003
456	8149
457	7863
458	7740
459	7806
460	7853
461	7888
462	7834
463	7699
464	7658
465	7793
466	7767
467	7670
468	7527
469	7777
470	7750
471	7669
472	7904
473	7795
474	7700
475	7846
476	7872
477	8004
478	7949
479	8298
480	8483
481	9039
482	10057
483	10863
484	13014
485	13194
486	12043
487	10368
488	11177
489	11413
490	10981
491	8834
492	5774
493	2550
494	1259
495	1087
496	1143
497	1009
498	1059
499	1023
500	955
501	944
502	942
503	990
504	942
505	944
506	924
507	903
508	904
509	859
510	860
511	905
512	905
513	772
514	843
515	808
516	846
517	800
518	818
519	795
520	791
521	761
522	790
523	836
524	778
525	754
526	742
527	772
528	735
529	675
530	701
531	723
532	656
533	650
534	632
535	737
536	662
537	665
538	641
539	646
540	657
541	617
542	608
543	668
544	622
545	620
546	589
547	590
548	616
549	646
550	614
551	602
552	598
553	592
554	554
555	571
556	508
557	511
558	534
559	498
560	522
561	513
562	507
563	509
564	466
565	474
566	440
567	500
568	453
569	436
570	476
571	429
572	456
573	445
574	371
575	382
576	301
577	335
578	318
579	275
580	290
581	296
582	285
583	306
584	292
585	323
586	322
587	355
588	324
589	335
590	325
591	326
592	346
593	342
594	309
595	309
596	331
597	348
598	326
599	359
600	395
601	423
602	423
603	448
604	477
605	515
606	551
607	533
608	600
609	573
610	647
611	595
612	667
613	602
614	665
615	656
616	684
617	628
618	702
619	720
620	736
621	767
622	771
623	708
624	738
625	736
626	720
627	784
628	710
629	784
630	801
631	786
632	771
633	828
634	789
635	757
636	812
637	765
638	787
639	819
640	809
641	760
642	775
643	839
644	846
645	872
646	825
647	825
648	863
649	802
650	858
651	852
652	854
653	846
654	808
655	787
656	815
657	844
658	785
659	830
660	827
661	789
662	767
663	752
664	787
665	786
666	780
667	812
668	785
669	768
670	770
671	741
672	771
673	712
674	703
675	746
676	792
677	710
678	691
679	802
680	715
681	741
682	687
683	749
684	761
685	770
686	796
687	798
688	790
689	778
690	763
691	729
692	726
693	747
694	777
695	735
696	721
697	719
698	709
699	747
700	690
701	749
702	646
703	655
704	654
705	623
706	643
707	612
708	615
709	597
710	589
711	545
712	538
713	540
714	444
715	468
716	438
717	489
718	487
719	430
720	397
721	384
722	375
723	360
724	402
725	369
726	329
727	355
728	361
729	335
730	314
731	292
732	305
733	315
734	269
735	268
736	256
737	239
738	233
739	220
740	215
741	201
742	228
743	238
744	230
745	254
746	235
747	226
748	276
749	259
750	290
751	295
752	344
753	351
754	312
755	327
756	355
757	317
758	338
759	316
760	326
761	296
762	295
763	300
764	292
765	294
766	263
767	273
768	276
769	298
770	295
771	292
772	281
773	259
774	280
775	264
776	306
777	277
778	349
779	316
780	308
781	338
782	376
783	418
784	443
785	420
786	431
787	521
788	455
789	549
790	576
791	543
792	568
793	618
794	631
795	678
796	671
797	651
798	645
799	726
800	681
801	635
802	555
803	638
804	617
805	573
806	591
807	668
808	614
809	578
810	536
811	528
812	546
813	518
814	555
815	537
816	539
817	485
818	467
819	482
820	439
821	481
822	488
823	538
824	491
825	558
826	539
827	545
828	528
829	560
830	528
831	609
832	634
833	528
834	616
835	588
836	568
837	538
838	526
839	527
840	484
841	464
842	430
843	466
844	471
845	438
846	433
847	443
848	436
849	405
850	406
851	443
852	381
853	420
854	411
855	409
856	379
857	383
858	396
859	388
860	407
861	373
862	370
863	410
864	402
865	489
866	439
867	401
868	449
869	394
870	397
871	411
872	402
873	406
874	419
875	476
876	423
877	373
878	405
879	386
880	382
881	392
882	366
883	349
884	342
885	355
886	351
887	349
888	347
889	355
890	305
891	303
892	309
893	313
894	295
895	285
896	273
897	276
898	274
899	285
900	253
901	222
902	233
903	222
904	231
905	194
906	180
907	191
908	196
909	196
910	185
911	166
912	136
913	148
914	161
915	148
916	145
917	138
918	149
919	141
920	110
921	106
922	101
923	102
924	97
925	105
926	104
927	83
928	98
929	102
930	68
931	93
932	97
933	70
934	52
935	88
936	82
937	82
938	76
939	106
940	110
941	148
942	142
943	164
944	222
945	207
946	254
947	307
948	363
949	421
950	466
951	436
952	488
953	569
954	598
955	651
956	765
957	781
958	818
959	877
960	954
961	1059
962	1096
963	1139
964	1189
965	1266
966	1304
967	1293
968	1306
969	1358
970	1355
971	1391
972	1323
973	1365
974	1374
975	1347
976	1320
977	1373
978	1325
979	1338
980	1233
981	1242
982	1267
983	1354
984	1262
985	1263
986	1346
987	1336
988	1323
989	1305
990	1414
991	1389
992	1246
993	1279
994	1366
995	1329
996	1354
997	1365
998	1320
999	2735408
