0	0
1	0
2	0
3	0
4	0
5	0
6	0
7	0
8	0
9	0
10	0
11	0
12	0
13	0
14	0
15	0
16	0
17	0
18	0
19	0
20	0
21	0
22	0
23	0
24	0
25	0
26	0
27	0
28	0
29	0
30	0
31	0
32	0
33	0
34	0
35	0
36	0
37	0
38	0
39	0
40	0
41	0
42	0
43	0
44	0
45	0
46	0
47	0
48	0
49	0
50	0
51	0
52	0
53	0
54	0
55	0
56	0
57	0
58	0
59	0
60	0
61	0
62	0
63	0
64	0
65	0
66	0
67	0
68	0
69	0
70	0
71	0
72	0
73	0
74	0
75	0
76	0
77	0
78	0
79	0
80	0
81	0
82	0
83	0
84	0
85	0
86	0
87	0
88	0
89	0
90	0
91	0
92	0
93	0
94	0
95	0
96	0
97	3
98	6
99	19
100	56
101	3061
102	3243
103	3373
104	3486
105	3613
106	3893
107	4026
108	4045
109	4199
110	4279
111	4305
112	4537
113	4560
114	4919
115	4925
116	5227
117	5307
118	5515
119	5723
120	6491
121	7179
122	7569
123	7889
124	8137
125	9005
126	9438
127	9744
128	10402
129	10561
130	11512
131	11161
132	11771
133	11777
134	13002
135	12841
136	13576
137	13358
138	13846
139	14192
140	14179
141	14469
142	14553
143	15088
144	15344
145	15693
146	15939
147	16456
148	17147
149	17649
150	17701
151	18433
152	19030
153	19512
154	20138
155	20557
156	20502
157	20817
158	21252
159	21919
160	22573
161	22831
162	23525
163	24458
164	25136
165	25056
166	25955
167	26662
168	27326
169	28550
170	29449
171	29827
172	30592
173	31260
174	31837
175	32596
176	33133
177	33936
178	34911
179	36016
180	37135
181	38149
182	39060
183	40389
184	41942
185	43128
186	44552
187	45440
188	47015
189	48070
190	49521
191	50051
192	51396
193	52778
194	54008
195	55582
196	56740
197	58634
198	60141
199	61859
200	63292
201	64350
202	65846
203	67288
204	69225
205	71567
206	72479
207	77807
208	76723
209	84385
210	86449
211	86024
212	85295
213	91547
214	92064
215	89333
216	90910
217	93061
218	95153
219	97444
220	99820
221	101514
222	103791
223	106451
224	108756
225	111842
226	114657
227	117650
228	119882
229	123061
230	126036
231	128540
232	131467
233	134360
234	137774
235	140078
236	143870
237	147183
238	152017
239	155642
240	159292
241	163880
242	166452
243	171617
244	175153
245	178800
246	184402
247	189386
248	194701
249	200545
250	208134
251	213791
252	221602
253	228731
254	237446
255	247652
256	260960
257	278214
258	300003
259	325872
260	361631
261	405841
262	465898
263	537838
264	630700
265	745233
266	884221
267	1051477
268	1248766
269	1479216
270	1735431
271	2016945
272	2326362
273	2647819
274	2981954
275	3324200
276	3677653
277	4029380
278	4378571
279	4720878
280	5058654
281	5383582
282	5692477
283	5979903
284	6242109
285	6486999
286	6719095
287	6940484
288	7156266
289	7357993
290	7553211
291	7724045
292	7882752
293	8021400
294	8151434
295	8256263
296	8350873
297	8432143
298	8512689
299	8601199
300	8702086
301	8779098
302	8846497
303	8905024
304	8944253
305	8978813
306	9006896
307	9037964
308	9083550
309	9107519
310	9141520
311	9177077
312	9207887
313	9227827
314	9228118
315	9248978
316	9253578
317	9234185
318	9225791
319	9215410
320	9213720
321	9211211
322	9215045
323	9198090
324	9189140
325	9194446
326	9149221
327	9110320
328	9066846
329	9032117
330	8993412
331	8963879
332	8939575
333	8904893
334	8872872
335	8820231
336	8728581
337	8668638
338	8606462
339	8545189
340	8492239
341	8440233
342	8391703
343	8340583
344	8290818
345	8204683
346	8117155
347	8051764
348	7969963
349	7890799
350	7822073
351	7748136
352	7690561
353	7613165
354	7531046
355	7463047
356	7389386
357	7296694
358	7211749
359	7130690
360	7040610
361	6937365
362	6862444
363	6791840
364	6716883
365	6644503
366	6561545
367	6466035
368	6358099
369	6264499
370	6176894
371	6090234
372	6008932
373	5922589
374	5834922
375	5751983
376	5670291
377	5583537
378	5495508
379	5386887
380	5292926
381	5205459
382	5121214
383	5041804
384	4958336
385	4868976
386	4782329
387	4697214
388	4609717
389	4505903
390	4411343
391	4313158
392	4222670
393	4124084
394	4016018
395	3910357
396	3805686
397	3683337
398	3560499
399	3420321
400	3276688
401	3128223
402	2969515
403	2803784
404	2639804
405	2470793
406	2297624
407	2118886
408	1945717
409	1768433
410	1598675
411	1427874
412	1273347
413	1124489
414	986834
415	856716
416	740598
417	634545
418	537927
419	452754
420	379861
421	315441
422	259656
423	213055
424	174722
425	142264
426	115658
427	94085
428	77255
429	63141
430	52340
431	44177
432	37192
433	32206
434	28848
435	25887
436	23212
437	21212
438	19898
439	18706
440	17988
441	16950
442	16327
443	15800
444	15342
445	14641
446	14311
447	13789
448	13571
449	13602
450	13632
451	13179
452	12916
453	12842
454	12563
455	12159
456	12332
457	12145
458	11592
459	11101
460	11569
461	11420
462	10980
463	10973
464	10994
465	10847
466	10634
467	10459
468	10335
469	10245
470	9814
471	9993
472	9677
473	9783
474	9545
475	9562
476	9358
477	9260
478	9080
479	9168
480	9115
481	9409
482	9010
483	8956
484	9045
485	9082
486	9301
487	9191
488	8947
489	9111
490	9330
491	10104
492	11209
493	13031
494	13168
495	10022
496	7758
497	8344
498	9709
499	11879
500	11199
501	8197
502	3873
503	2337
504	1888
505	1920
506	1827
507	1829
508	1789
509	1684
510	1672
511	1679
512	1720
513	1627
514	1595
515	1523
516	1494
517	1448
518	1436
519	1358
520	1308
521	1459
522	1257
523	1405
524	1286
525	1239
526	1227
527	1176
528	1170
529	1126
530	1125
531	1084
532	1055
533	1097
534	1074
535	983
536	976
537	1020
538	923
539	938
540	930
541	871
542	918
543	948
544	873
545	882
546	875
547	884
548	826
549	813
550	792
551	802
552	734
553	784
554	734
555	726
556	721
557	717
558	712
559	713
560	715
561	735
562	695
563	696
564	634
565	673
566	673
567	631
568	662
569	645
570	620
571	577
572	575
573	576
574	574
575	560
576	576
577	558
578	600
579	552
580	572
581	567
582	557
583	559
584	521
585	556
586	502
587	542
588	535
589	494
590	433
591	451
592	379
593	424
594	430
595	477
596	470
597	495
598	473
599	491
600	504
601	585
602	586
603	616
604	643
605	730
606	706
607	652
608	657
609	607
610	583
611	543
612	541
613	524
614	551
615	632
616	650
617	703
618	725
619	667
620	700
621	693
622	723
623	781
624	743
625	760
626	801
627	822
628	863
629	812
630	870
631	847
632	854
633	916
634	888
635	918
636	898
637	948
638	936
639	958
640	884
641	897
642	894
643	987
644	1048
645	1019
646	978
647	1050
648	1012
649	988
650	993
651	942
652	973
653	1042
654	978
655	966
656	1016
657	1027
658	991
659	1023
660	1000
661	939
662	976
663	1011
664	942
665	987
666	916
667	916
668	1000
669	891
670	939
671	907
672	865
673	841
674	830
675	896
676	875
677	863
678	813
679	831
680	818
681	811
682	861
683	859
684	822
685	794
686	834
687	795
688	856
689	864
690	849
691	821
692	773
693	801
694	727
695	790
696	715
697	673
698	755
699	746
700	721
701	767
702	730
703	722
704	700
705	717
706	742
707	711
708	640
709	691
710	691
711	714
712	668
713	634
714	585
715	660
716	661
717	612
718	672
719	658
720	608
721	565
722	576
723	561
724	565
725	554
726	578
727	536
728	541
729	554
730	499
731	499
732	434
733	456
734	388
735	418
736	391
737	400
738	392
739	305
740	393
741	304
742	276
743	306
744	329
745	254
746	281
747	270
748	279
749	289
750	284
751	272
752	305
753	290
754	301
755	278
756	262
757	247
758	282
759	231
760	291
761	264
762	283
763	279
764	271
765	235
766	244
767	227
768	223
769	228
770	202
771	178
772	211
773	171
774	187
775	204
776	195
777	215
778	219
779	189
780	200
781	213
782	234
783	266
784	267
785	244
786	274
787	292
788	356
789	391
790	330
791	336
792	381
793	408
794	401
795	449
796	482
797	465
798	486
799	491
800	515
801	497
802	453
803	491
804	444
805	494
806	446
807	452
808	465
809	395
810	394
811	351
812	299
813	320
814	345
815	325
816	322
817	318
818	291
819	262
820	264
821	281
822	273
823	272
824	304
825	282
826	325
827	315
828	285
829	302
830	294
831	319
832	350
833	304
834	322
835	347
836	306
837	292
838	273
839	247
840	220
841	197
842	264
843	219
844	251
845	227
846	188
847	184
848	196
849	152
850	169
851	176
852	148
853	152
854	181
855	151
856	157
857	157
858	158
859	134
860	161
861	137
862	146
863	134
864	156
865	154
866	137
867	155
868	171
869	154
870	154
871	157
872	134
873	142
874	172
875	146
876	153
877	130
878	129
879	130
880	105
881	130
882	136
883	113
884	134
885	111
886	122
887	123
888	133
889	129
890	121
891	119
892	127
893	136
894	122
895	130
896	113
897	112
898	100
899	99
900	109
901	97
902	96
903	80
904	96
905	82
906	77
907	77
908	78
909	72
910	78
911	48
912	91
913	79
914	85
915	68
916	65
917	72
918	74
919	81
920	74
921	76
922	78
923	75
924	63
925	64
926	77
927	73
928	70
929	72
930	78
931	71
932	52
933	63
934	63
935	53
936	57
937	65
938	45
939	59
940	46
941	48
942	53
943	48
944	59
945	68
946	56
947	73
948	66
949	69
950	73
951	80
952	76
953	63
954	80
955	88
956	88
957	115
958	130
959	141
960	111
961	142
962	158
963	142
964	154
965	171
966	148
967	151
968	152
969	174
970	148
971	185
972	194
973	179
974	185
975	197
976	169
977	193
978	167
979	161
980	149
981	164
982	171
983	158
984	197
985	179
986	185
987	179
988	155
989	158
990	185
991	151
992	171
993	178
994	171
995	163
996	179
997	168
998	191
999	1857443
