0	0
1	0
2	0
3	0
4	0
5	0
6	0
7	0
8	0
9	0
10	0
11	0
12	0
13	0
14	0
15	0
16	0
17	0
18	0
19	0
20	0
21	0
22	0
23	0
24	0
25	0
26	0
27	0
28	0
29	0
30	0
31	0
32	0
33	0
34	0
35	0
36	0
37	0
38	0
39	0
40	0
41	0
42	0
43	0
44	0
45	0
46	0
47	0
48	0
49	0
50	0
51	0
52	0
53	0
54	0
55	0
56	0
57	0
58	0
59	0
60	0
61	0
62	0
63	0
64	0
65	0
66	0
67	0
68	0
69	0
70	0
71	0
72	0
73	0
74	0
75	0
76	0
77	0
78	0
79	0
80	0
81	0
82	0
83	0
84	0
85	0
86	0
87	0
88	0
89	0
90	0
91	0
92	0
93	0
94	0
95	0
96	1
97	1
98	5
99	15
100	42
101	5917
102	5952
103	5914
104	6227
105	6163
106	6280
107	6347
108	6312
109	6253
110	6496
111	6400
112	6645
113	6488
114	6612
115	6689
116	6613
117	6700
118	6656
119	6844
120	7001
121	7044
122	7216
123	7200
124	7491
125	7690
126	7838
127	8277
128	8445
129	8475
130	9303
131	9405
132	9843
133	10126
134	10442
135	10692
136	10979
137	10616
138	10934
139	10940
140	11052
141	11685
142	11162
143	11556
144	11094
145	11256
146	11173
147	10940
148	11135
149	11543
150	11409
151	11298
152	11285
153	11208
154	11526
155	10952
156	10382
157	10104
158	10053
159	9959
160	9923
161	9904
162	10047
163	9865
164	9792
165	9223
166	8457
167	8407
168	8399
169	8409
170	8331
171	8448
172	8294
173	8410
174	8402
175	8588
176	8459
177	8436
178	8613
179	8888
180	8875
181	8822
182	9082
183	9442
184	9489
185	9626
186	9614
187	9671
188	9979
189	10188
190	10316
191	10297
192	10540
193	10863
194	11084
195	11298
196	11498
197	12057
198	12152
199	11997
200	12609
201	12812
202	13023
203	13447
204	14009
205	14451
206	15692
207	17830
208	17794
209	22578
210	22944
211	21398
212	20337
213	22670
214	22981
215	17951
216	17546
217	17884
218	18518
219	19188
220	18921
221	19158
222	19591
223	20036
224	20814
225	21046
226	21844
227	22156
228	22928
229	23545
230	24257
231	24736
232	25095
233	26079
234	27148
235	28164
236	28817
237	29716
238	31178
239	32287
240	33571
241	34792
242	36297
243	38290
244	39946
245	42212
246	44950
247	47457
248	50078
249	53054
250	56413
251	60445
252	64798
253	70705
254	76079
255	83197
256	91743
257	102527
258	114846
259	131405
260	150156
261	176110
262	209126
263	254190
264	310370
265	383201
266	479037
267	601239
268	758840
269	954335
270	1194977
271	1487667
272	1837351
273	2247576
274	2717956
275	3249276
276	3843331
277	4490980
278	5201156
279	5938535
280	6724154
281	7528759
282	8354836
283	9176276
284	9988587
285	10791901
286	11582876
287	12338037
288	13098821
289	13808935
290	14533703
291	15199407
292	15846613
293	16487420
294	17056277
295	17615189
296	18141786
297	18616642
298	19097138
299	19545580
300	19930123
301	20300460
302	20671608
303	20936406
304	21164937
305	21353081
306	21550165
307	21612455
308	21652759
309	21668858
310	21576843
311	21465759
312	21342183
313	21175572
314	20921825
315	20655508
316	20364886
317	20043114
318	19636292
319	19251668
320	18844409
321	18351884
322	17865681
323	17310969
324	16687714
325	16036239
326	15268612
327	14498250
328	13640132
329	12733431
330	11804198
331	10830248
332	9857159
333	8865270
334	7909571
335	6959364
336	6061771
337	5214219
338	4426726
339	3722769
340	3089100
341	2533847
342	2055266
343	1648945
344	1314480
345	1039703
346	815535
347	640712
348	502892
349	397288
350	314184
351	250080
352	201475
353	162473
354	131767
355	108955
356	90759
357	75742
358	64245
359	55182
360	47669
361	42122
362	37721
363	34171
364	31236
365	29085
366	27065
367	25477
368	24184
369	23069
370	22434
371	21047
372	20663
373	19736
374	18696
375	18630
376	17876
377	17032
378	16773
379	16316
380	15763
381	15211
382	14605
383	14049
384	13068
385	12632
386	12279
387	11824
388	11624
389	11146
390	10548
391	10233
392	9758
393	9744
394	9209
395	9073
396	8974
397	8846
398	8752
399	8354
400	8634
401	8371
402	8745
403	9139
404	11076
405	14185
406	19063
407	21203
408	12887
409	5088
410	2490
411	2060
412	1697
413	1531
414	1552
415	1546
416	1551
417	1476
418	1520
419	1503
420	1365
421	1224
422	963
423	799
424	743
425	609
426	479
427	546
428	623
429	573
430	504
431	570
432	534
433	622
434	537
435	515
436	533
437	536
438	527
439	507
440	516
441	516
442	522
443	474
444	497
445	542
446	563
447	515
448	522
449	541
450	489
451	526
452	507
453	483
454	470
455	468
456	524
457	474
458	444
459	493
460	454
461	476
462	444
463	450
464	451
465	424
466	398
467	386
468	436
469	408
470	409
471	396
472	389
473	376
474	349
475	366
476	376
477	328
478	358
479	333
480	301
481	310
482	342
483	303
484	283
485	310
486	289
487	271
488	284
489	265
490	278
491	272
492	257
493	268
494	229
495	235
496	242
497	254
498	228
499	234
500	213
501	207
502	191
503	191
504	186
505	203
506	187
507	175
508	173
509	174
510	161
511	163
512	159
513	177
514	177
515	170
516	175
517	169
518	195
519	192
520	194
521	202
522	200
523	204
524	227
525	201
526	210
527	235
528	206
529	220
530	183
531	194
532	147
533	152
534	151
535	135
536	125
537	129
538	140
539	130
540	119
541	128
542	127
543	134
544	128
545	128
546	133
547	142
548	147
549	136
550	131
551	107
552	133
553	152
554	116
555	121
556	130
557	120
558	125
559	122
560	124
561	101
562	137
563	120
564	112
565	120
566	125
567	123
568	121
569	119
570	149
571	133
572	124
573	138
574	152
575	127
576	130
577	114
578	126
579	118
580	136
581	127
582	156
583	135
584	161
585	158
586	160
587	157
588	189
589	181
590	176
591	213
592	193
593	183
594	257
595	230
596	262
597	265
598	293
599	278
600	280
601	336
602	317
603	382
604	408
605	370
606	444
607	475
608	503
609	509
610	562
611	525
612	575
613	629
614	727
615	773
616	819
617	827
618	921
619	1000
620	955
621	1140
622	1119
623	1160
624	1236
625	1337
626	1323
627	1371
628	1412
629	1506
630	1496
631	1446
632	1512
633	1565
634	1543
635	1655
636	1627
637	1739
638	1744
639	1711
640	1865
641	1814
642	1866
643	1920
644	1936
645	1940
646	1844
647	1798
648	1865
649	1842
650	1858
651	1756
652	1794
653	1757
654	1639
655	1629
656	1635
657	1570
658	1493
659	1488
660	1448
661	1403
662	1242
663	1163
664	1144
665	1140
666	1032
667	925
668	906
669	814
670	724
671	707
672	628
673	547
674	475
675	429
676	379
677	346
678	266
679	235
680	238
681	168
682	175
683	135
684	130
685	118
686	116
687	100
688	89
689	73
690	83
691	76
692	91
693	67
694	69
695	85
696	76
697	64
698	73
699	73
700	74
701	66
702	54
703	60
704	66
705	58
706	71
707	45
708	71
709	65
710	46
711	58
712	51
713	57
714	55
715	58
716	59
717	68
718	45
719	47
720	53
721	68
722	52
723	50
724	58
725	56
726	69
727	64
728	78
729	88
730	77
731	69
732	68
733	86
734	118
735	126
736	125
737	120
738	100
739	103
740	132
741	119
742	129
743	132
744	146
745	194
746	244
747	246
748	280
749	262
750	345
751	327
752	393
753	452
754	454
755	496
756	508
757	478
758	484
759	480
760	510
761	464
762	499
763	545
764	514
765	500
766	560
767	490
768	474
769	555
770	533
771	487
772	502
773	443
774	434
775	477
776	462
777	449
778	493
779	444
780	401
781	452
782	489
783	609
784	544
785	616
786	662
787	707
788	745
789	841
790	879
791	860
792	887
793	987
794	963
795	981
796	980
797	935
798	905
799	931
800	822
801	828
802	732
803	756
804	722
805	697
806	601
807	560
808	552
809	494
810	467
811	491
812	468
813	415
814	419
815	383
816	423
817	371
818	416
819	402
820	322
821	357
822	393
823	356
824	368
825	357
826	366
827	333
828	330
829	340
830	337
831	328
832	323
833	258
834	303
835	290
836	266
837	289
838	256
839	234
840	234
841	210
842	166
843	202
844	171
845	127
846	132
847	127
848	118
849	96
850	117
851	107
852	116
853	94
854	117
855	113
856	130
857	114
858	114
859	97
860	115
861	123
862	113
863	109
864	128
865	207
866	166
867	157
868	152
869	154
870	123
871	141
872	154
873	165
874	142
875	115
876	146
877	138
878	130
879	129
880	128
881	123
882	126
883	101
884	121
885	112
886	101
887	105
888	96
889	96
890	116
891	137
892	92
893	115
894	80
895	90
896	84
897	77
898	76
899	85
900	84
901	68
902	63
903	63
904	60
905	51
906	57
907	60
908	52
909	46
910	46
911	64
912	53
913	57
914	63
915	56
916	67
917	73
918	96
919	95
920	87
921	77
922	92
923	82
924	104
925	84
926	96
927	79
928	67
929	98
930	81
931	67
932	71
933	50
934	43
935	50
936	52
937	43
938	44
939	53
940	41
941	55
942	71
943	60
944	50
945	59
946	95
947	68
948	97
949	95
950	103
951	138
952	144
953	157
954	197
955	217
956	284
957	349
958	358
959	416
960	445
961	521
962	590
963	608
964	708
965	835
966	829
967	886
968	976
969	1053
970	1104
971	1141
972	1187
973	1237
974	1291
975	1388
976	1392
977	1470
978	1497
979	1507
980	1533
981	1634
982	1565
983	1625
984	1652
985	1625
986	1665
987	1617
988	1650
989	1652
990	1598
991	1590
992	1633
993	1647
994	1668
995	1635
996	1647
997	1604
998	1623
999	2809523
