0	0
1	0
2	0
3	0
4	0
5	0
6	0
7	0
8	0
9	0
10	0
11	0
12	0
13	0
14	0
15	0
16	0
17	0
18	0
19	0
20	0
21	0
22	0
23	0
24	0
25	0
26	0
27	0
28	0
29	0
30	0
31	0
32	0
33	0
34	0
35	0
36	0
37	0
38	0
39	0
40	0
41	0
42	0
43	0
44	0
45	0
46	0
47	0
48	0
49	0
50	0
51	0
52	0
53	0
54	0
55	0
56	0
57	0
58	0
59	0
60	0
61	0
62	0
63	0
64	0
65	0
66	0
67	0
68	0
69	0
70	0
71	0
72	0
73	0
74	0
75	0
76	0
77	0
78	0
79	0
80	0
81	0
82	0
83	0
84	0
85	0
86	0
87	0
88	0
89	0
90	0
91	0
92	0
93	0
94	0
95	0
96	0
97	5
98	3
99	19
100	264
101	5478
102	5652
103	5781
104	5758
105	6098
106	6004
107	6235
108	6167
109	6333
110	6315
111	6374
112	6504
113	6421
114	6469
115	6461
116	6597
117	6516
118	6567
119	6846
120	8326
121	8839
122	9548
123	9664
124	9649
125	10029
126	10213
127	10447
128	10516
129	10673
130	11015
131	11336
132	11628
133	11952
134	12076
135	12388
136	12524
137	12032
138	12461
139	12629
140	12838
141	13035
142	13547
143	13590
144	13446
145	13594
146	13621
147	13887
148	14133
149	14180
150	14280
151	14349
152	14569
153	14069
154	14273
155	13812
156	14074
157	14325
158	14269
159	14616
160	15043
161	15193
162	15477
163	15594
164	15753
165	15943
166	15935
167	16547
168	16547
169	16728
170	17073
171	17276
172	17726
173	18012
174	18438
175	18840
176	19519
177	19817
178	20235
179	21197
180	21736
181	22466
182	23447
183	24412
184	25837
185	26480
186	27477
187	28962
188	30381
189	31458
190	32287
191	34335
192	36308
193	37670
194	39807
195	41580
196	43641
197	45774
198	48056
199	50634
200	53228
201	55425
202	58108
203	60840
204	63449
205	66481
206	70185
207	74458
208	76755
209	84652
210	87978
211	88920
212	92121
213	97540
214	101406
215	101411
216	105488
217	109663
218	114976
219	119777
220	124499
221	129549
222	134176
223	140471
224	147020
225	152503
226	159789
227	167852
228	174852
229	184766
230	192844
231	202238
232	212648
233	225575
234	238309
235	253607
236	270829
237	291971
238	316226
239	345665
240	382342
241	424932
242	480594
243	550921
244	639124
245	749539
246	890532
247	1063623
248	1278889
249	1543909
250	1861894
251	2251942
252	2706171
253	3241945
254	3864013
255	4569612
256	5376709
257	6284569
258	7286556
259	8396050
260	9590845
261	10864977
262	12236919
263	13631308
264	15084909
265	16535800
266	18016923
267	19477202
268	20912974
269	22288591
270	23618945
271	24820291
272	25947397
273	26921283
274	27764657
275	28513215
276	29102681
277	29590382
278	30004579
279	30273405
280	30429868
281	30574228
282	30540405
283	30407949
284	30191801
285	29797438
286	29400341
287	28939583
288	28318125
289	27723658
290	27056180
291	26218844
292	25376581
293	24421268
294	23376201
295	22305941
296	21081630
297	19906009
298	18634484
299	17406362
300	16113409
301	14866449
302	13603859
303	12375572
304	11191407
305	10015631
306	8922586
307	7871692
308	6894680
309	5995005
310	5165286
311	4411868
312	3732311
313	3135190
314	2598016
315	2134573
316	1739515
317	1403244
318	1119923
319	888693
320	698175
321	547280
322	424548
323	330580
324	254822
325	198253
326	153616
327	119737
328	94642
329	75500
330	60924
331	49433
332	41651
333	35401
334	30348
335	27107
336	24440
337	22426
338	20682
339	19852
340	18433
341	17858
342	17456
343	16768
344	16776
345	15598
346	15330
347	14626
348	14271
349	14027
350	13489
351	13155
352	12865
353	12495
354	12060
355	11918
356	11664
357	11070
358	10556
359	10354
360	9865
361	9750
362	9496
363	9485
364	9199
365	8964
366	8963
367	8736
368	8918
369	8980
370	9008
371	9722
372	11873
373	16700
374	20539
375	17808
376	7339
377	3480
378	2382
379	1841
380	1591
381	1108
382	799
383	483
384	419
385	352
386	356
387	357
388	333
389	368
390	304
391	240
392	266
393	368
394	426
395	450
396	488
397	472
398	488
399	493
400	442
401	486
402	487
403	469
404	498
405	472
406	479
407	437
408	488
409	412
410	480
411	453
412	477
413	409
414	393
415	415
416	415
417	466
418	414
419	428
420	397
421	426
422	416
423	401
424	442
425	395
426	397
427	391
428	442
429	366
430	364
431	381
432	394
433	410
434	355
435	358
436	393
437	383
438	368
439	366
440	411
441	333
442	337
443	301
444	299
445	308
446	313
447	306
448	314
449	316
450	287
451	316
452	313
453	303
454	305
455	287
456	274
457	259
458	273
459	272
460	283
461	241
462	233
463	260
464	261
465	207
466	213
467	229
468	224
469	240
470	183
471	180
472	193
473	154
474	178
475	170
476	141
477	153
478	147
479	141
480	149
481	151
482	136
483	154
484	115
485	124
486	115
487	111
488	126
489	120
490	141
491	123
492	126
493	131
494	112
495	100
496	126
497	114
498	93
499	102
500	95
501	102
502	108
503	109
504	88
505	118
506	95
507	100
508	106
509	79
510	105
511	115
512	112
513	80
514	83
515	120
516	88
517	107
518	89
519	113
520	108
521	95
522	121
523	106
524	106
525	91
526	109
527	102
528	107
529	97
530	108
531	125
532	114
533	96
534	120
535	102
536	100
537	106
538	105
539	117
540	117
541	100
542	115
543	105
544	88
545	79
546	97
547	100
548	138
549	122
550	114
551	127
552	103
553	116
554	120
555	107
556	125
557	119
558	129
559	109
560	113
561	127
562	140
563	130
564	120
565	154
566	141
567	171
568	143
569	158
570	189
571	217
572	193
573	212
574	263
575	250
576	263
577	319
578	307
579	302
580	362
581	336
582	391
583	406
584	449
585	445
586	539
587	571
588	588
589	605
590	628
591	725
592	733
593	794
594	796
595	889
596	970
597	1029
598	1090
599	1182
600	1287
601	1270
602	1315
603	1448
604	1479
605	1591
606	1692
607	1810
608	1790
609	1812
610	1780
611	1866
612	2026
613	2052
614	2011
615	1992
616	2122
617	2061
618	2080
619	2052
620	2116
621	2031
622	1937
623	2036
624	1968
625	1898
626	1895
627	1741
628	1801
629	1714
630	1676
631	1566
632	1469
633	1527
634	1455
635	1322
636	1256
637	1153
638	1064
639	1067
640	916
641	926
642	837
643	807
644	634
645	598
646	580
647	510
648	440
649	411
650	324
651	281
652	220
653	202
654	198
655	148
656	153
657	127
658	98
659	88
660	68
661	64
662	84
663	64
664	62
665	86
666	70
667	63
668	61
669	54
670	72
671	53
672	50
673	56
674	49
675	56
676	52
677	52
678	49
679	36
680	70
681	55
682	63
683	66
684	53
685	73
686	53
687	41
688	49
689	51
690	42
691	41
692	61
693	42
694	55
695	60
696	35
697	44
698	47
699	40
700	39
701	33
702	38
703	40
704	53
705	54
706	35
707	57
708	51
709	46
710	57
711	43
712	52
713	47
714	62
715	41
716	65
717	53
718	54
719	58
720	61
721	79
722	85
723	60
724	71
725	98
726	118
727	121
728	123
729	113
730	127
731	128
732	137
733	190
734	186
735	196
736	213
737	264
738	240
739	225
740	306
741	277
742	373
743	380
744	405
745	440
746	484
747	544
748	533
749	547
750	615
751	630
752	657
753	645
754	641
755	651
756	650
757	593
758	610
759	508
760	487
761	458
762	429
763	429
764	436
765	342
766	365
767	315
768	315
769	315
770	263
771	243
772	278
773	275
774	242
775	230
776	264
777	268
778	270
779	268
780	266
781	285
782	326
783	301
784	320
785	312
786	340
787	310
788	277
789	311
790	314
791	335
792	321
793	296
794	305
795	315
796	284
797	279
798	259
799	243
800	263
801	229
802	210
803	203
804	171
805	183
806	209
807	182
808	143
809	171
810	142
811	127
812	123
813	122
814	99
815	85
816	91
817	69
818	84
819	64
820	54
821	53
822	69
823	59
824	56
825	64
826	59
827	51
828	55
829	60
830	71
831	60
832	76
833	78
834	66
835	73
836	82
837	51
838	83
839	88
840	59
841	73
842	65
843	103
844	85
845	90
846	71
847	76
848	102
849	77
850	83
851	97
852	73
853	98
854	102
855	87
856	91
857	84
858	83
859	81
860	73
861	82
862	68
863	64
864	52
865	88
866	63
867	71
868	59
869	43
870	60
871	51
872	48
873	41
874	36
875	46
876	41
877	46
878	58
879	42
880	40
881	29
882	33
883	40
884	39
885	39
886	41
887	36
888	36
889	29
890	34
891	36
892	39
893	39
894	49
895	45
896	37
897	31
898	38
899	36
900	36
901	43
902	34
903	41
904	42
905	33
906	41
907	45
908	44
909	47
910	55
911	55
912	78
913	61
914	79
915	85
916	72
917	101
918	93
919	69
920	71
921	62
922	48
923	75
924	52
925	68
926	60
927	72
928	61
929	98
930	69
931	99
932	101
933	130
934	148
935	145
936	156
937	201
938	234
939	283
940	316
941	363
942	410
943	461
944	520
945	594
946	581
947	687
948	719
949	842
950	808
951	855
952	891
953	930
954	854
955	920
956	961
957	1005
958	998
959	1056
960	1102
961	1100
962	1097
963	1156
964	1130
965	1077
966	1079
967	1115
968	1114
969	1050
970	1014
971	1038
972	988
973	913
974	932
975	906
976	851
977	792
978	764
979	690
980	696
981	575
982	573
983	497
984	467
985	417
986	376
987	338
988	296
989	246
990	242
991	191
992	179
993	171
994	133
995	93
996	73
997	76
998	79
999	1973974
