0	0
1	0
2	0
3	0
4	0
5	0
6	0
7	0
8	0
9	0
10	0
11	0
12	0
13	0
14	0
15	0
16	0
17	0
18	0
19	0
20	0
21	0
22	0
23	0
24	0
25	0
26	0
27	0
28	0
29	0
30	0
31	0
32	0
33	0
34	0
35	0
36	0
37	0
38	0
39	0
40	0
41	0
42	0
43	0
44	0
45	0
46	0
47	0
48	0
49	0
50	0
51	0
52	0
53	0
54	0
55	0
56	0
57	0
58	0
59	0
60	0
61	0
62	0
63	0
64	0
65	0
66	0
67	0
68	0
69	0
70	0
71	0
72	0
73	0
74	0
75	0
76	0
77	0
78	0
79	0
80	0
81	0
82	0
83	0
84	0
85	0
86	0
87	0
88	0
89	0
90	0
91	0
92	0
93	0
94	0
95	0
96	0
97	1
98	2
99	10
100	44
101	3031
102	3154
103	3224
104	3311
105	3297
106	3376
107	3366
108	3496
109	3617
110	3615
111	3450
112	3598
113	3649
114	3787
115	3794
116	3719
117	3959
118	4029
119	4071
120	4093
121	4351
122	4674
123	4660
124	4788
125	4981
126	5082
127	5609
128	5679
129	5776
130	6239
131	6691
132	7383
133	7613
134	8517
135	8467
136	8702
137	8969
138	9026
139	9184
140	9114
141	9893
142	9429
143	9916
144	9794
145	9978
146	9727
147	9930
148	10235
149	10256
150	10267
151	10286
152	10360
153	10211
154	10624
155	10051
156	9290
157	9226
158	9351
159	9079
160	9248
161	9146
162	9167
163	9078
164	9166
165	8518
166	8238
167	8118
168	8007
169	8129
170	8349
171	8415
172	8074
173	8464
174	8562
175	8649
176	8712
177	8931
178	9007
179	9341
180	9413
181	9591
182	9882
183	10402
184	10901
185	10936
186	11298
187	11340
188	11952
189	12090
190	12433
191	12742
192	13236
193	13439
194	14448
195	14580
196	15518
197	15736
198	16394
199	16949
200	17411
201	17618
202	18084
203	19109
204	20603
205	21001
206	23380
207	26134
208	26233
209	32758
210	33796
211	32990
212	32286
213	35865
214	36791
215	31782
216	32113
217	33371
218	34794
219	36335
220	37595
221	39181
222	41275
223	42566
224	44393
225	46454
226	48584
227	51087
228	53099
229	55980
230	58882
231	60884
232	63173
233	66832
234	69665
235	72774
236	75968
237	79538
238	83132
239	88044
240	92615
241	97529
242	101443
243	107653
244	112720
245	118360
246	125859
247	133112
248	141297
249	149893
250	160162
251	170421
252	181652
253	194501
254	208626
255	224470
256	242211
257	263331
258	286506
259	314442
260	343979
261	380225
262	422359
263	472662
264	531169
265	601860
266	686444
267	790411
268	919155
269	1075757
270	1267015
271	1497852
272	1776074
273	2114266
274	2514545
275	2982525
276	3536695
277	4178856
278	4910283
279	5748548
280	6679803
281	7725936
282	8854093
283	10078962
284	11388284
285	12761029
286	14208321
287	15696520
288	17225935
289	18778738
290	20302687
291	21834890
292	23265873
293	24678111
294	25920558
295	27063597
296	28113248
297	28978343
298	29742576
299	30394444
300	30846780
301	31188125
302	31461493
303	31517913
304	31495232
305	31356307
306	31171652
307	30816913
308	30429138
309	29992288
310	29402097
311	28893003
312	28317639
313	27659052
314	26958813
315	26253734
316	25491021
317	24642066
318	23834963
319	22982713
320	22078311
321	21203898
322	20248649
323	19312332
324	18322967
325	17299616
326	16282282
327	15224319
328	14195214
329	13125671
330	12109035
331	11081894
332	10108052
333	9137481
334	8209281
335	7322484
336	6480628
337	5695220
338	4954950
339	4275276
340	3661050
341	3102341
342	2608891
343	2175592
344	1793514
345	1460845
346	1184914
347	949852
348	753981
349	596438
350	468070
351	365863
352	284454
353	223503
354	175486
355	138674
356	110583
357	88974
358	73668
359	61200
360	52086
361	45108
362	39273
363	35767
364	33007
365	29854
366	28109
367	26540
368	25589
369	24264
370	23790
371	22662
372	22148
373	21391
374	20458
375	20559
376	19765
377	19659
378	19295
379	19009
380	18618
381	18157
382	17560
383	17156
384	16442
385	15962
386	15976
387	15584
388	15102
389	14805
390	14257
391	13833
392	13588
393	13531
394	13429
395	13363
396	13214
397	13416
398	13986
399	14330
400	14971
401	19083
402	22788
403	29812
404	25408
405	16510
406	6091
407	3269
408	2685
409	2650
410	2599
411	2617
412	2250
413	2031
414	1835
415	1706
416	1383
417	1140
418	910
419	582
420	501
421	546
422	642
423	671
424	701
425	719
426	720
427	780
428	747
429	794
430	754
431	810
432	794
433	710
434	697
435	717
436	687
437	678
438	741
439	665
440	678
441	626
442	636
443	638
444	643
445	617
446	574
447	643
448	601
449	567
450	578
451	585
452	616
453	583
454	650
455	555
456	568
457	612
458	617
459	554
460	608
461	539
462	512
463	543
464	531
465	488
466	478
467	492
468	503
469	468
470	479
471	451
472	415
473	450
474	466
475	454
476	494
477	438
478	438
479	410
480	408
481	435
482	394
483	360
484	374
485	378
486	387
487	355
488	320
489	364
490	340
491	311
492	307
493	321
494	303
495	300
496	289
497	263
498	276
499	269
500	238
501	232
502	219
503	244
504	226
505	233
506	218
507	249
508	200
509	233
510	217
511	186
512	206
513	226
514	199
515	208
516	221
517	244
518	257
519	224
520	261
521	258
522	289
523	235
524	208
525	265
526	298
527	251
528	282
529	279
530	275
531	242
532	232
533	196
534	172
535	158
536	150
537	130
538	155
539	175
540	145
541	144
542	156
543	141
544	156
545	149
546	151
547	135
548	152
549	140
550	146
551	141
552	147
553	163
554	151
555	142
556	113
557	132
558	152
559	146
560	159
561	147
562	148
563	147
564	158
565	165
566	144
567	159
568	163
569	146
570	152
571	161
572	169
573	163
574	150
575	141
576	151
577	153
578	160
579	156
580	182
581	149
582	187
583	178
584	203
585	203
586	195
587	208
588	227
589	198
590	225
591	225
592	240
593	242
594	274
595	297
596	294
597	311
598	348
599	379
600	355
601	401
602	393
603	465
604	496
605	524
606	593
607	599
608	605
609	670
610	705
611	708
612	793
613	843
614	950
615	945
616	995
617	1097
618	1116
619	1184
620	1269
621	1336
622	1454
623	1510
624	1570
625	1620
626	1803
627	1798
628	1855
629	1931
630	2092
631	2117
632	2238
633	2260
634	2386
635	2404
636	2413
637	2439
638	2616
639	2529
640	2550
641	2562
642	2596
643	2602
644	2693
645	2625
646	2438
647	2515
648	2414
649	2412
650	2277
651	2167
652	2174
653	2149
654	2104
655	2052
656	1903
657	1838
658	1814
659	1614
660	1587
661	1430
662	1404
663	1447
664	1292
665	1237
666	1025
667	1043
668	941
669	938
670	782
671	772
672	647
673	589
674	563
675	480
676	428
677	401
678	360
679	311
680	268
681	234
682	221
683	193
684	159
685	133
686	150
687	152
688	137
689	134
690	127
691	112
692	122
693	104
694	103
695	90
696	98
697	92
698	96
699	99
700	99
701	92
702	88
703	96
704	78
705	108
706	85
707	82
708	87
709	84
710	81
711	83
712	72
713	79
714	92
715	92
716	81
717	105
718	81
719	68
720	90
721	82
722	100
723	76
724	89
725	94
726	96
727	147
728	110
729	135
730	105
731	98
732	127
733	141
734	148
735	199
736	164
737	188
738	151
739	182
740	144
741	175
742	149
743	189
744	218
745	210
746	245
747	266
748	298
749	287
750	330
751	403
752	448
753	506
754	597
755	624
756	664
757	643
758	639
759	719
760	652
761	692
762	830
763	852
764	836
765	864
766	783
767	785
768	779
769	873
770	808
771	814
772	781
773	727
774	635
775	677
776	720
777	752
778	646
779	674
780	628
781	630
782	686
783	723
784	735
785	767
786	813
787	856
788	908
789	974
790	991
791	991
792	1081
793	1137
794	1175
795	1231
796	1217
797	1184
798	1196
799	1282
800	1184
801	1166
802	1111
803	1133
804	1106
805	1150
806	1120
807	1062
808	980
809	954
810	999
811	820
812	876
813	803
814	861
815	748
816	767
817	713
818	795
819	755
820	692
821	687
822	704
823	648
824	676
825	631
826	593
827	586
828	608
829	538
830	584
831	551
832	534
833	449
834	472
835	449
836	448
837	443
838	389
839	299
840	277
841	279
842	256
843	258
844	233
845	254
846	207
847	207
848	209
849	242
850	236
851	259
852	283
853	275
854	280
855	311
856	309
857	304
858	326
859	295
860	273
861	291
862	328
863	341
864	359
865	609
866	474
867	419
868	444
869	366
870	399
871	380
872	350
873	388
874	281
875	321
876	364
877	296
878	270
879	262
880	243
881	287
882	210
883	223
884	234
885	196
886	171
887	175
888	152
889	160
890	185
891	175
892	197
893	164
894	168
895	161
896	134
897	127
898	116
899	132
900	117
901	108
902	93
903	93
904	71
905	57
906	74
907	68
908	67
909	76
910	79
911	87
912	79
913	77
914	93
915	75
916	74
917	87
918	107
919	82
920	104
921	97
922	110
923	92
924	106
925	85
926	84
927	90
928	114
929	120
930	142
931	115
932	85
933	90
934	65
935	77
936	52
937	48
938	63
939	64
940	72
941	89
942	81
943	73
944	77
945	76
946	119
947	99
948	131
949	118
950	160
951	170
952	187
953	192
954	271
955	267
956	339
957	426
958	437
959	553
960	637
961	679
962	837
963	1000
964	1118
965	1328
966	1390
967	1614
968	1791
969	1971
970	2068
971	2238
972	2335
973	2582
974	2711
975	2916
976	2866
977	3010
978	3133
979	3189
980	3231
981	3201
982	3202
983	3048
984	3037
985	3035
986	3000
987	3094
988	2858
989	2809
990	2757
991	2718
992	2779
993	2795
994	2635
995	2568
996	2621
997	2491
998	2577
999	3901047
