0	0
1	0
2	0
3	0
4	0
5	0
6	0
7	0
8	0
9	0
10	0
11	0
12	0
13	0
14	0
15	0
16	0
17	0
18	0
19	0
20	0
21	0
22	0
23	0
24	0
25	0
26	0
27	0
28	0
29	0
30	0
31	0
32	0
33	0
34	0
35	0
36	0
37	0
38	0
39	0
40	0
41	0
42	0
43	0
44	0
45	0
46	0
47	0
48	0
49	0
50	0
51	0
52	0
53	0
54	0
55	0
56	0
57	0
58	0
59	0
60	0
61	0
62	0
63	0
64	0
65	0
66	0
67	0
68	0
69	0
70	0
71	0
72	0
73	0
74	0
75	0
76	0
77	0
78	0
79	0
80	22
81	20
82	10
83	13
84	17
85	24
86	31
87	21
88	27
89	68
90	84
91	142
92	252
93	305
94	374
95	389
96	419
97	385
98	450
99	455
100	636
101	5977
102	5866
103	6117
104	6131
105	6376
106	6288
107	6400
108	6476
109	6694
110	6597
111	6680
112	6899
113	6937
114	6840
115	7032
116	6855
117	6916
118	7165
119	7065
120	7397
121	7410
122	7601
123	7454
124	7828
125	8147
126	8289
127	8537
128	8873
129	8828
130	9004
131	9075
132	8983
133	9563
134	9726
135	9598
136	10101
137	9809
138	9884
139	10105
140	9869
141	10236
142	10520
143	11228
144	11374
145	11818
146	12047
147	11996
148	12300
149	12551
150	12821
151	12906
152	13075
153	13178
154	13745
155	13427
156	12994
157	12989
158	12942
159	13264
160	13192
161	13114
162	13682
163	13645
164	13605
165	13594
166	13551
167	13537
168	13521
169	13651
170	13789
171	13821
172	13806
173	13723
174	14089
175	14061
176	14066
177	14294
178	14406
179	14725
180	14714
181	14774
182	14822
183	15119
184	15443
185	15829
186	15762
187	16085
188	16696
189	16680
190	17125
191	17019
192	17237
193	17352
194	17267
195	17575
196	18003
197	18108
198	18401
199	18730
200	18939
201	18908
202	19507
203	19929
204	20506
205	20896
206	22375
207	23957
208	24260
209	28053
210	28135
211	27128
212	27009
213	29082
214	29540
215	26061
216	26457
217	26940
218	28106
219	28992
220	29230
221	30305
222	30982
223	31865
224	32767
225	33556
226	34583
227	35188
228	36068
229	36670
230	38086
231	38756
232	39944
233	41198
234	42357
235	42675
236	44631
237	46060
238	47430
239	48915
240	50374
241	51989
242	53526
243	55337
244	57140
245	59163
246	61129
247	63591
248	65667
249	68233
250	71508
251	73846
252	77088
253	81099
254	85366
255	89003
256	92243
257	97463
258	102875
259	109109
260	116586
261	122567
262	130908
263	139421
264	149709
265	160650
266	172294
267	185447
268	201203
269	217647
270	237271
271	260547
272	287189
273	318928
274	357474
275	402122
276	460259
277	532919
278	622182
279	733455
280	873693
281	1050832
282	1268038
283	1531592
284	1851269
285	2231967
286	2680019
287	3202339
288	3809148
289	4487973
290	5265925
291	6118079
292	7047551
293	8052667
294	9103787
295	10213935
296	11367636
297	12547153
298	13753800
299	14979783
300	16192528
301	17393290
302	18549306
303	19649191
304	20643714
305	21618864
306	22434809
307	23152944
308	23819615
309	24318093
310	24746414
311	25111636
312	25283557
313	25372079
314	25415616
315	25295399
316	25070418
317	24777847
318	24323073
319	23894017
320	23407330
321	22879146
322	22231310
323	21596160
324	20906823
325	20126859
326	19337407
327	18501217
328	17619226
329	16747548
330	15826775
331	14930377
332	13991481
333	13092403
334	12157173
335	11237691
336	10311324
337	9431482
338	8567886
339	7737706
340	6948105
341	6199964
342	5501914
343	4846935
344	4244276
345	3687675
346	3184280
347	2723622
348	2311899
349	1949216
350	1629577
351	1351973
352	1114839
353	913279
354	739982
355	596901
356	476815
357	382084
358	304264
359	241246
360	192647
361	152983
362	123247
363	100214
364	81919
365	67603
366	57060
367	48191
368	42080
369	36859
370	33039
371	29647
372	27103
373	25223
374	23821
375	22491
376	21326
377	21168
378	20425
379	19496
380	18825
381	18659
382	17762
383	17020
384	16700
385	16241
386	16190
387	15657
388	15013
389	14653
390	14062
391	13648
392	13341
393	13192
394	12761
395	12699
396	12922
397	12244
398	12040
399	11624
400	10959
401	10619
402	10114
403	9983
404	10349
405	10601
406	11986
407	14446
408	20925
409	22992
410	15243
411	10523
412	4426
413	2985
414	2448
415	2304
416	1851
417	1545
418	1287
419	1025
420	644
421	611
422	557
423	532
424	468
425	483
426	481
427	529
428	553
429	610
430	666
431	651
432	717
433	686
434	641
435	673
436	727
437	722
438	682
439	718
440	646
441	672
442	640
443	661
444	671
445	667
446	641
447	611
448	651
449	594
450	596
451	644
452	592
453	631
454	633
455	594
456	609
457	650
458	651
459	658
460	632
461	678
462	681
463	707
464	649
465	597
466	641
467	560
468	553
469	630
470	566
471	560
472	548
473	557
474	567
475	571
476	530
477	495
478	506
479	489
480	479
481	466
482	468
483	421
484	437
485	460
486	493
487	445
488	428
489	356
490	377
491	375
492	338
493	347
494	314
495	332
496	336
497	298
498	309
499	324
500	271
501	286
502	280
503	250
504	279
505	226
506	234
507	232
508	232
509	230
510	218
511	199
512	195
513	186
514	201
515	212
516	184
517	192
518	238
519	221
520	200
521	199
522	218
523	208
524	220
525	238
526	224
527	229
528	215
529	231
530	242
531	208
532	212
533	218
534	209
535	221
536	213
537	195
538	176
539	204
540	165
541	170
542	166
543	160
544	168
545	131
546	156
547	158
548	156
549	141
550	135
551	135
552	156
553	121
554	124
555	115
556	122
557	133
558	123
559	128
560	119
561	111
562	132
563	120
564	117
565	107
566	117
567	144
568	139
569	128
570	127
571	125
572	108
573	129
574	147
575	118
576	145
577	143
578	134
579	138
580	145
581	139
582	151
583	134
584	152
585	156
586	166
587	152
588	160
589	147
590	171
591	180
592	174
593	203
594	178
595	192
596	195
597	162
598	182
599	211
600	200
601	190
602	204
603	219
604	252
605	245
606	254
607	259
608	292
609	326
610	365
611	337
612	382
613	394
614	431
615	444
616	466
617	480
618	545
619	568
620	598
621	654
622	683
623	703
624	762
625	773
626	871
627	881
628	903
629	1001
630	1057
631	1059
632	1198
633	1262
634	1284
635	1363
636	1495
637	1517
638	1559
639	1711
640	1619
641	1778
642	1816
643	1920
644	2017
645	1964
646	1991
647	2030
648	2080
649	1996
650	2070
651	2089
652	2000
653	1982
654	1998
655	1955
656	1924
657	1784
658	1863
659	1735
660	1742
661	1595
662	1568
663	1483
664	1503
665	1331
666	1248
667	1210
668	1128
669	1137
670	999
671	888
672	869
673	769
674	709
675	642
676	654
677	557
678	519
679	500
680	383
681	363
682	376
683	312
684	267
685	233
686	235
687	167
688	157
689	138
690	141
691	128
692	116
693	103
694	107
695	100
696	79
697	97
698	106
699	77
700	90
701	80
702	82
703	83
704	88
705	63
706	65
707	81
708	92
709	66
710	81
711	82
712	66
713	71
714	82
715	77
716	82
717	83
718	84
719	84
720	88
721	76
722	62
723	69
724	91
725	93
726	78
727	100
728	92
729	90
730	106
731	85
732	102
733	103
734	111
735	95
736	125
737	126
738	129
739	126
740	133
741	122
742	148
743	128
744	162
745	146
746	194
747	206
748	207
749	222
750	261
751	252
752	327
753	346
754	374
755	377
756	434
757	445
758	387
759	436
760	449
761	439
762	510
763	549
764	506
765	527
766	583
767	533
768	511
769	716
770	697
771	680
772	683
773	612
774	601
775	653
776	651
777	701
778	706
779	637
780	633
781	645
782	610
783	755
784	772
785	754
786	822
787	951
788	1051
789	1046
790	1064
791	1083
792	1101
793	1156
794	1190
795	1149
796	1199
797	1108
798	1102
799	1113
800	1009
801	1044
802	956
803	897
804	831
805	789
806	743
807	742
808	594
809	542
810	470
811	453
812	418
813	325
814	347
815	319
816	348
817	312
818	252
819	244
820	209
821	234
822	225
823	232
824	207
825	225
826	172
827	169
828	163
829	137
830	138
831	137
832	141
833	129
834	134
835	112
836	130
837	101
838	125
839	105
840	103
841	98
842	78
843	99
844	103
845	95
846	102
847	80
848	101
849	91
850	93
851	89
852	99
853	111
854	105
855	114
856	124
857	111
858	136
859	133
860	140
861	169
862	144
863	146
864	225
865	290
866	255
867	229
868	261
869	250
870	232
871	287
872	240
873	239
874	215
875	239
876	263
877	231
878	214
879	225
880	213
881	221
882	196
883	195
884	187
885	148
886	159
887	181
888	180
889	168
890	162
891	201
892	158
893	162
894	147
895	148
896	122
897	136
898	127
899	129
900	95
901	114
902	102
903	107
904	85
905	86
906	73
907	77
908	73
909	65
910	76
911	63
912	74
913	70
914	70
915	65
916	61
917	51
918	62
919	56
920	55
921	56
922	54
923	62
924	51
925	69
926	47
927	50
928	55
929	66
930	78
931	69
932	56
933	44
934	54
935	45
936	48
937	42
938	41
939	56
940	43
941	54
942	58
943	52
944	53
945	62
946	65
947	54
948	59
949	70
950	70
951	71
952	56
953	78
954	57
955	75
956	73
957	120
958	129
959	132
960	165
961	140
962	185
963	152
964	199
965	194
966	189
967	220
968	228
969	187
970	223
971	241
972	242
973	248
974	288
975	306
976	312
977	303
978	321
979	383
980	395
981	452
982	464
983	472
984	440
985	418
986	538
987	540
988	440
989	492
990	443
991	417
992	517
993	521
994	449
995	487
996	451
997	472
998	419
999	5133313
