0	0
1	0
2	0
3	0
4	0
5	0
6	0
7	0
8	0
9	0
10	0
11	0
12	0
13	0
14	0
15	0
16	0
17	0
18	0
19	0
20	0
21	0
22	0
23	0
24	0
25	0
26	0
27	0
28	0
29	0
30	0
31	0
32	0
33	0
34	0
35	0
36	0
37	0
38	0
39	0
40	0
41	0
42	0
43	0
44	0
45	0
46	0
47	0
48	0
49	0
50	0
51	0
52	0
53	0
54	0
55	0
56	0
57	0
58	0
59	0
60	0
61	0
62	0
63	0
64	0
65	0
66	0
67	0
68	0
69	0
70	0
71	0
72	0
73	0
74	0
75	0
76	0
77	0
78	0
79	0
80	0
81	0
82	0
83	0
84	0
85	0
86	0
87	0
88	0
89	0
90	0
91	0
92	0
93	0
94	0
95	0
96	0
97	2
98	4
99	15
100	72
101	5619
102	5638
103	5687
104	5984
105	5913
106	6388
107	6249
108	6500
109	6673
110	6894
111	6842
112	6996
113	7146
114	7241
115	7428
116	7841
117	7963
118	8353
119	8395
120	8591
121	8877
122	9158
123	9279
124	9638
125	10161
126	10723
127	11323
128	12018
129	12434
130	13074
131	13475
132	13678
133	14701
134	15072
135	15166
136	15689
137	15743
138	16001
139	16443
140	16470
141	16622
142	16389
143	16894
144	16586
145	17115
146	17223
147	17239
148	17522
149	17928
150	17922
151	17965
152	18312
153	18487
154	19086
155	18833
156	18251
157	18215
158	18779
159	18897
160	19166
161	19180
162	19769
163	19797
164	19968
165	19632
166	19625
167	19901
168	20388
169	20427
170	20847
171	21008
172	21337
173	21770
174	22163
175	22561
176	23068
177	23376
178	23932
179	24180
180	25003
181	25414
182	25807
183	26756
184	27474
185	27907
186	28467
187	29233
188	30004
189	30882
190	30745
191	31774
192	32716
193	33451
194	34079
195	34982
196	35891
197	36604
198	36894
199	38209
200	38901
201	39662
202	40188
203	41422
204	42417
205	43244
206	45940
207	48602
208	48987
209	55988
210	57469
211	55820
212	54737
213	58174
214	59737
215	52805
216	53057
217	54246
218	55654
219	57106
220	58674
221	59922
222	61546
223	62556
224	65597
225	67871
226	70263
227	73327
228	75910
229	79431
230	82998
231	86400
232	90871
233	96152
234	101441
235	108188
236	114756
237	123030
238	131431
239	141408
240	152474
241	164693
242	177005
243	190406
244	205917
245	221757
246	239335
247	257894
248	278915
249	300622
250	322046
251	346982
252	371456
253	398036
254	424906
255	451299
256	481584
257	511590
258	545855
259	576788
260	615353
261	653215
262	690954
263	734002
264	780698
265	827772
266	884004
267	941241
268	1013728
269	1098276
270	1196485
271	1313594
272	1455930
273	1630190
274	1845193
275	2098566
276	2410352
277	2777523
278	3215606
279	3727363
280	4321796
281	5002412
282	5750987
283	6582614
284	7487032
285	8443504
286	9463275
287	10511073
288	11607903
289	12709859
290	13828545
291	14949656
292	16008476
293	17062088
294	18018400
295	18890284
296	19750189
297	20466268
298	21115693
299	21724979
300	22199966
301	22576077
302	22868809
303	23113370
304	23192268
305	23185353
306	23092199
307	23016557
308	22815148
309	22587883
310	22322432
311	22013895
312	21607694
313	21251373
314	20865940
315	20455316
316	19937824
317	19478000
318	19000145
319	18481380
320	17948154
321	17426807
322	16884295
323	16279318
324	15705326
325	15075904
326	14420325
327	13761669
328	13053575
329	12366927
330	11671005
331	10951076
332	10259118
333	9533845
334	8842177
335	8136363
336	7457884
337	6790284
338	6155300
339	5539876
340	4968993
341	4418786
342	3913914
343	3438359
344	3002793
345	2606943
346	2243092
347	1915563
348	1625186
349	1366450
350	1143834
351	944778
352	777117
353	637144
354	516190
355	416700
356	333103
357	265933
358	209938
359	167477
360	132608
361	106468
362	85195
363	69120
364	56857
365	47248
366	39725
367	33969
368	30021
369	26836
370	23936
371	22095
372	19965
373	18686
374	17788
375	16942
376	16359
377	15966
378	15313
379	15145
380	14472
381	14169
382	13447
383	13269
384	13020
385	12483
386	12326
387	12099
388	11726
389	11478
390	11184
391	10673
392	10297
393	10357
394	10073
395	9941
396	9571
397	9475
398	9337
399	9145
400	8867
401	8846
402	8703
403	8748
404	8944
405	8922
406	9307
407	10784
408	13428
409	16592
410	19819
411	17894
412	12214
413	3791
414	2154
415	2102
416	1854
417	1820
418	1705
419	1593
420	1650
421	1694
422	1604
423	1584
424	1587
425	1561
426	1453
427	1403
428	1266
429	1165
430	1093
431	958
432	726
433	623
434	590
435	580
436	592
437	599
438	550
439	576
440	539
441	546
442	540
443	508
444	543
445	536
446	513
447	475
448	514
449	505
450	552
451	495
452	429
453	476
454	497
455	459
456	443
457	467
458	475
459	463
460	451
461	460
462	431
463	417
464	436
465	422
466	438
467	418
468	396
469	448
470	368
471	387
472	352
473	359
474	335
475	387
476	373
477	358
478	342
479	338
480	311
481	339
482	307
483	315
484	317
485	292
486	318
487	276
488	297
489	271
490	252
491	254
492	270
493	223
494	246
495	242
496	252
497	238
498	233
499	221
500	240
501	214
502	223
503	215
504	188
505	184
506	199
507	197
508	185
509	176
510	204
511	189
512	153
513	174
514	179
515	198
516	195
517	219
518	193
519	201
520	231
521	218
522	213
523	235
524	236
525	265
526	243
527	242
528	233
529	245
530	227
531	201
532	189
533	212
534	226
535	208
536	182
537	189
538	160
539	136
540	154
541	135
542	139
543	146
544	136
545	148
546	119
547	138
548	167
549	146
550	130
551	136
552	160
553	113
554	126
555	107
556	132
557	125
558	122
559	142
560	118
561	139
562	133
563	135
564	138
565	112
566	120
567	137
568	159
569	144
570	113
571	144
572	139
573	142
574	155
575	134
576	150
577	142
578	153
579	166
580	170
581	165
582	172
583	177
584	160
585	181
586	190
587	202
588	157
589	190
590	174
591	223
592	230
593	229
594	234
595	237
596	257
597	281
598	288
599	314
600	297
601	330
602	336
603	359
604	397
605	420
606	426
607	461
608	449
609	485
610	524
611	551
612	600
613	611
614	643
615	702
616	781
617	804
618	845
619	909
620	966
621	1075
622	1073
623	1212
624	1249
625	1388
626	1393
627	1480
628	1558
629	1549
630	1759
631	1715
632	1838
633	1926
634	2022
635	2094
636	2012
637	2096
638	2172
639	2062
640	2189
641	2155
642	2268
643	2304
644	2294
645	2346
646	2183
647	2227
648	2178
649	2216
650	2138
651	2144
652	2086
653	2119
654	1971
655	1876
656	1784
657	1801
658	1752
659	1706
660	1561
661	1583
662	1455
663	1464
664	1307
665	1287
666	1266
667	1150
668	1128
669	1013
670	939
671	939
672	831
673	751
674	724
675	680
676	603
677	544
678	490
679	450
680	440
681	384
682	336
683	267
684	253
685	232
686	197
687	192
688	153
689	169
690	134
691	145
692	128
693	120
694	92
695	97
696	90
697	79
698	73
699	79
700	81
701	72
702	85
703	69
704	71
705	74
706	60
707	90
708	72
709	80
710	69
711	75
712	65
713	82
714	80
715	67
716	55
717	80
718	59
719	77
720	68
721	70
722	92
723	74
724	88
725	96
726	70
727	91
728	91
729	119
730	93
731	95
732	108
733	112
734	149
735	122
736	131
737	121
738	110
739	119
740	108
741	103
742	121
743	147
744	122
745	139
746	179
747	199
748	180
749	210
750	203
751	247
752	264
753	293
754	303
755	308
756	370
757	342
758	367
759	383
760	378
761	359
762	397
763	454
764	417
765	403
766	423
767	386
768	403
769	472
770	465
771	418
772	448
773	379
774	386
775	397
776	375
777	408
778	391
779	386
780	382
781	393
782	420
783	444
784	446
785	455
786	547
787	547
788	641
789	635
790	680
791	668
792	731
793	807
794	841
795	863
796	866
797	822
798	883
799	920
800	968
801	895
802	989
803	927
804	924
805	953
806	932
807	942
808	861
809	874
810	791
811	822
812	861
813	795
814	842
815	784
816	843
817	783
818	817
819	767
820	776
821	775
822	716
823	727
824	762
825	651
826	629
827	632
828	575
829	576
830	583
831	560
832	504
833	505
834	482
835	487
836	463
837	418
838	401
839	401
840	374
841	353
842	311
843	307
844	278
845	238
846	239
847	212
848	219
849	207
850	170
851	198
852	181
853	174
854	165
855	142
856	164
857	179
858	152
859	137
860	137
861	149
862	156
863	125
864	167
865	224
866	177
867	193
868	175
869	182
870	156
871	178
872	158
873	146
874	152
875	144
876	177
877	144
878	118
879	150
880	121
881	134
882	129
883	126
884	117
885	104
886	108
887	92
888	108
889	110
890	117
891	110
892	108
893	105
894	96
895	102
896	109
897	96
898	76
899	78
900	81
901	89
902	77
903	76
904	73
905	62
906	60
907	55
908	73
909	68
910	77
911	72
912	72
913	57
914	74
915	74
916	66
917	64
918	94
919	63
920	95
921	94
922	89
923	67
924	68
925	99
926	83
927	87
928	85
929	91
930	92
931	96
932	97
933	90
934	79
935	86
936	89
937	89
938	102
939	99
940	101
941	86
942	118
943	114
944	126
945	156
946	135
947	150
948	163
949	149
950	158
951	175
952	217
953	214
954	256
955	274
956	303
957	396
958	434
959	494
960	572
961	726
962	721
963	916
964	1030
965	1158
966	1331
967	1545
968	1654
969	1822
970	2043
971	2032
972	2231
973	2427
974	2450
975	2716
976	2725
977	2795
978	2976
979	3177
980	3200
981	3252
982	3240
983	3275
984	3354
985	3248
986	3312
987	3385
988	3183
989	3162
990	3162
991	3051
992	3058
993	2992
994	3056
995	2984
996	2895
997	2991
998	2836
999	2594439
