0	0
1	0
2	0
3	0
4	0
5	0
6	0
7	0
8	0
9	0
10	0
11	0
12	0
13	0
14	0
15	0
16	0
17	0
18	0
19	0
20	0
21	0
22	0
23	0
24	0
25	0
26	0
27	0
28	0
29	0
30	0
31	0
32	0
33	0
34	0
35	0
36	0
37	0
38	0
39	0
40	0
41	0
42	0
43	0
44	0
45	0
46	0
47	0
48	0
49	0
50	0
51	0
52	0
53	0
54	0
55	0
56	0
57	0
58	0
59	0
60	0
61	0
62	0
63	0
64	0
65	0
66	0
67	0
68	0
69	0
70	13
71	6
72	13
73	16
74	10
75	15
76	17
77	17
78	16
79	15
80	11
81	9
82	6
83	13
84	22
85	22
86	13
87	21
88	19
89	30
90	20
91	24
92	53
93	89
94	113
95	111
96	139
97	121
98	126
99	139
100	273
101	1054
102	1081
103	1124
104	1262
105	1339
106	1341
107	1352
108	1489
109	1434
110	1486
111	1563
112	1553
113	1658
114	1647
115	1685
116	1739
117	1789
118	1930
119	2068
120	2109
121	2044
122	2269
123	2279
124	2350
125	2469
126	2551
127	2878
128	3034
129	3182
130	3412
131	3805
132	4034
133	4588
134	4790
135	4831
136	4984
137	4940
138	5051
139	5049
140	5111
141	5312
142	5282
143	5513
144	5309
145	5346
146	5433
147	5286
148	5277
149	5347
150	5411
151	5390
152	5321
153	5434
154	5599
155	5043
156	4703
157	4447
158	4613
159	4531
160	4542
161	4527
162	4731
163	4637
164	4593
165	4503
166	4099
167	4479
168	4441
169	4501
170	4637
171	4744
172	4669
173	4975
174	4961
175	5146
176	5456
177	5516
178	5883
179	6620
180	6408
181	6364
182	6477
183	6565
184	6451
185	6310
186	6321
187	6521
188	6751
189	7030
190	7227
191	7343
192	7627
193	7629
194	8060
195	8388
196	8484
197	8738
198	8959
199	9046
200	9391
201	9690
202	9941
203	10393
204	11081
205	11237
206	12645
207	14146
208	14239
209	18166
210	18499
211	17859
212	17380
213	19091
214	19511
215	16553
216	16769
217	17384
218	18055
219	19008
220	19401
221	19940
222	20732
223	21893
224	22972
225	23733
226	24679
227	26414
228	27683
229	29137
230	30339
231	31002
232	33148
233	34530
234	36359
235	37372
236	39122
237	40977
238	42599
239	45087
240	46949
241	48946
242	51020
243	53571
244	56246
245	58123
246	61711
247	63671
248	66855
249	69647
250	73600
251	77259
252	81906
253	86597
254	93045
255	99630
256	108810
257	120936
258	134674
259	153298
260	177320
261	209658
262	253507
263	309548
264	388213
265	488003
266	619025
267	785568
268	998296
269	1265462
270	1591436
271	1984206
272	2453929
273	3006534
274	3641032
275	4355881
276	5161482
277	6052609
278	7027625
279	8076259
280	9188169
281	10365028
282	11554175
283	12781674
284	13975626
285	15154158
286	16287562
287	17375092
288	18393265
289	19368676
290	20219385
291	21024784
292	21690351
293	22237492
294	22728013
295	23058410
296	23305263
297	23522766
298	23605011
299	23655937
300	23668060
301	23608521
302	23473590
303	23294191
304	22967949
305	22643011
306	22283610
307	21873261
308	21366948
309	20879218
310	20353123
311	19752620
312	19129542
313	18444596
314	17719459
315	16939522
316	16085422
317	15218021
318	14298339
319	13382210
320	12430031
321	11491090
322	10541358
323	9614020
324	8687243
325	7788750
326	6925072
327	6097498
328	5324153
329	4607650
330	3947190
331	3347773
332	2815816
333	2338251
334	1920174
335	1560294
336	1254990
337	997866
338	784999
339	609799
340	469987
341	359605
342	274632
343	206781
344	156855
345	119709
346	90978
347	70714
348	55174
349	45062
350	36702
351	31174
352	26946
353	24084
354	21531
355	19731
356	18525
357	17140
358	16419
359	15476
360	15043
361	14585
362	14083
363	13555
364	13282
365	12821
366	12420
367	11796
368	12086
369	11706
370	11574
371	10878
372	10696
373	10476
374	10278
375	10065
376	9989
377	10626
378	10202
379	10018
380	9331
381	8298
382	8074
383	7707
384	7835
385	7424
386	7353
387	7266
388	7126
389	7302
390	7357
391	7796
392	9446
393	12510
394	15916
395	13084
396	9418
397	3018
398	1795
399	1674
400	1372
401	1220
402	905
403	741
404	549
405	402
406	371
407	403
408	335
409	315
410	270
411	294
412	316
413	389
414	413
415	473
416	454
417	484
418	469
419	451
420	495
421	482
422	470
423	450
424	407
425	439
426	410
427	452
428	414
429	421
430	424
431	442
432	386
433	412
434	414
435	481
436	404
437	388
438	392
439	366
440	395
441	397
442	377
443	398
444	363
445	375
446	357
447	369
448	407
449	375
450	351
451	378
452	385
453	358
454	370
455	370
456	360
457	416
458	373
459	322
460	336
461	380
462	351
463	329
464	349
465	357
466	351
467	294
468	303
469	301
470	308
471	307
472	265
473	294
474	286
475	262
476	308
477	301
478	267
479	267
480	237
481	215
482	257
483	228
484	247
485	244
486	219
487	218
488	195
489	205
490	184
491	194
492	162
493	184
494	138
495	161
496	158
497	168
498	149
499	156
500	153
501	128
502	131
503	141
504	121
505	119
506	157
507	138
508	131
509	156
510	155
511	143
512	110
513	155
514	156
515	163
516	182
517	167
518	165
519	185
520	210
521	215
522	180
523	173
524	138
525	114
526	133
527	154
528	135
529	130
530	118
531	111
532	112
533	147
534	118
535	119
536	102
537	146
538	133
539	148
540	103
541	141
542	118
543	120
544	128
545	111
546	95
547	114
548	112
549	114
550	129
551	115
552	117
553	98
554	119
555	116
556	106
557	109
558	105
559	111
560	122
561	110
562	99
563	125
564	116
565	112
566	100
567	127
568	124
569	116
570	105
571	113
572	114
573	150
574	106
575	108
576	112
577	114
578	116
579	129
580	115
581	153
582	149
583	152
584	131
585	171
586	183
587	166
588	183
589	173
590	213
591	200
592	184
593	220
594	241
595	224
596	284
597	281
598	342
599	394
600	343
601	377
602	427
603	441
604	453
605	465
606	531
607	606
608	600
609	615
610	704
611	700
612	736
613	881
614	851
615	970
616	969
617	1049
618	1112
619	1182
620	1330
621	1287
622	1408
623	1409
624	1476
625	1598
626	1551
627	1661
628	1644
629	1756
630	1785
631	1776
632	1864
633	1845
634	1873
635	1878
636	1895
637	1893
638	1817
639	1808
640	1833
641	1761
642	1870
643	1855
644	1840
645	1723
646	1716
647	1753
648	1660
649	1625
650	1570
651	1543
652	1411
653	1443
654	1269
655	1211
656	1235
657	1079
658	993
659	974
660	876
661	768
662	719
663	653
664	596
665	511
666	445
667	406
668	371
669	303
670	294
671	283
672	221
673	169
674	177
675	149
676	130
677	129
678	131
679	121
680	90
681	112
682	85
683	75
684	76
685	94
686	63
687	82
688	93
689	69
690	104
691	67
692	75
693	75
694	74
695	86
696	81
697	72
698	83
699	77
700	76
701	76
702	86
703	90
704	67
705	63
706	75
707	57
708	70
709	64
710	63
711	59
712	61
713	65
714	63
715	62
716	62
717	59
718	81
719	66
720	55
721	62
722	80
723	65
724	83
725	89
726	105
727	83
728	112
729	98
730	90
731	121
732	95
733	148
734	127
735	133
736	123
737	146
738	138
739	141
740	121
741	125
742	142
743	184
744	178
745	195
746	264
747	272
748	304
749	301
750	377
751	438
752	456
753	454
754	503
755	566
756	580
757	628
758	621
759	660
760	567
761	616
762	610
763	672
764	629
765	632
766	602
767	662
768	606
769	714
770	668
771	635
772	648
773	595
774	559
775	542
776	589
777	611
778	621
779	566
780	575
781	544
782	569
783	555
784	608
785	569
786	605
787	547
788	628
789	581
790	617
791	649
792	679
793	666
794	721
795	693
796	702
797	665
798	764
799	723
800	671
801	689
802	674
803	705
804	646
805	622
806	687
807	633
808	684
809	616
810	633
811	593
812	541
813	538
814	605
815	540
816	539
817	517
818	534
819	506
820	524
821	406
822	420
823	364
824	386
825	358
826	347
827	337
828	351
829	326
830	322
831	255
832	280
833	244
834	278
835	247
836	216
837	224
838	200
839	161
840	156
841	178
842	183
843	145
844	179
845	168
846	180
847	186
848	186
849	221
850	223
851	247
852	271
853	285
854	282
855	294
856	282
857	318
858	290
859	331
860	302
861	310
862	320
863	307
864	317
865	465
866	400
867	354
868	345
869	312
870	317
871	257
872	286
873	279
874	264
875	282
876	258
877	229
878	231
879	187
880	222
881	188
882	208
883	152
884	158
885	131
886	143
887	106
888	86
889	103
890	117
891	113
892	90
893	82
894	72
895	61
896	64
897	58
898	51
899	69
900	60
901	55
902	49
903	43
904	56
905	56
906	58
907	48
908	55
909	43
910	50
911	53
912	63
913	62
914	55
915	60
916	60
917	61
918	78
919	90
920	70
921	86
922	85
923	78
924	73
925	81
926	70
927	79
928	65
929	78
930	74
931	62
932	55
933	53
934	47
935	33
936	43
937	46
938	40
939	47
940	42
941	59
942	51
943	67
944	59
945	100
946	82
947	102
948	130
949	169
950	184
951	166
952	236
953	274
954	327
955	404
956	444
957	529
958	648
959	691
960	835
961	923
962	1046
963	1184
964	1279
965	1382
966	1479
967	1597
968	1706
969	1785
970	1875
971	1935
972	1963
973	2056
974	2146
975	1919
976	1929
977	1939
978	1963
979	2022
980	2075
981	1951
982	2016
983	2116
984	2131
985	2000
986	2116
987	1956
988	1843
989	1792
990	1876
991	1835
992	1744
993	1564
994	1404
995	1400
996	1307
997	1346
998	1233
999	2563123
